0.235731,0.165223,1.95603,-2,-1.60724,-0.235731,-0.165223,-1.25603,-0,0,0.7,1477299869
-1.33527,0.0396523,1.96259,1.81241,2,-0.323008,-0.0396523,-1.26259,-1.65828,0,0.7,1477299869
-1.33527,0.0396523,1.96259,1.81241,2,-0.323008,-0.0396523,-1.26259,-1.65828,0,0.7,1477299869
-1.99566,-0.0701592,1.94043,2,0.792812,0.337384,0.0701592,-1.24043,-1.65828,0,0.7,1477299869
-2.00393,-0.0739688,1.94892,2,0.766381,0.345655,0.0739688,-1.24892,-1.65828,0,0.7,1477299869
-1.47342,0.0180978,1.98981,2,1.90936,-0.184862,-0.0180978,-1.28981,-1.65828,0,0.7,1477299870
-1.37719,0.0329391,1.97157,1.89696,2,-0.281088,-0.0329391,-1.27157,-1.65828,0,0.7,1477299870
-1.37799,0.0292808,1.97057,1.91146,2,-0.280287,-0.0292808,-1.27057,-1.65828,0,0.7,1477299870
-1.83625,-0.0380875,1.98036,2,1.22415,0.177976,0.0380875,-1.28036,-1.65828,0,0.7,1477299870
-1.94246,-0.0547227,1.95818,2,0.974291,0.284183,0.0547227,-1.25818,-1.65828,0,0.7,1477299870
-1.42702,0.0222399,1.96576,2,1.99177,-0.231253,-0.0222399,-1.26576,-1.65828,0,0.7,1477299870
-1.86668,-0.0433795,1.96878,2,1.1519,0.208404,0.0433795,-1.26878,-1.65828,0,0.7,1477299870
-1.46043,0.0153125,1.97612,2,1.91787,-0.197848,-0.0153125,-1.27612,-1.65828,0,0.7,1477299870
-1.81069,-0.0289575,1.97512,2,1.28855,0.152412,0.0289575,-1.27512,-1.65828,0,0.7,1477299870
-1.86006,-0.0317113,1.95332,2,1.19133,0.20178,0.0317113,-1.25332,-1.65828,0,0.7,1477299870
-1.82938,-0.0273448,1.95682,2,1.25541,0.1711,0.0273448,-1.25682,-1.65828,0,0.7,1477299870
-1.85773,-0.0283243,1.94478,2,1.20123,0.199456,0.0283243,-1.24478,-1.65828,0,0.7,1477299870
-1.40122,0.0150365,1.9533,1.99666,2,-0.257059,-0.0150365,-1.2533,-1.65828,0,0.7,1477299870
-1.76318,-0.0151391,1.96034,2,1.39395,0.104902,0.0151391,-1.26034,-1.65828,0,0.7,1477299870
-1.75389,-0.012451,1.95587,2,1.41377,0.0956158,0.012451,-1.25587,-1.65828,0,0.7,1477299870
-1.41175,0.0096004,1.94597,2,1.96741,-0.246526,-0.0096004,-1.24597,-1.65828,0,0.7,1477299870
-1.80441,-0.0128173,1.93782,2,1.33043,0.146137,0.0128173,-1.23782,-1.65828,0,0.7,1477299870
-1.79622,-0.00967543,1.93741,2,1.35272,0.137944,0.00967543,-1.23741,-1.65828,0,0.7,1477299870
-1.79228,-0.00818224,1.93724,2,1.36336,0.134006,0.00818224,-1.23724,-1.65828,0,0.7,1477299870
-1.78896,-0.00707797,1.93668,2,1.37164,0.130681,0.00707797,-1.23668,-1.65828,0,0.7,1477299870
-1.87181,-0.00729739,1.92615,2,1.24122,0.21353,0.00729739,-1.22615,-1.65828,0,0.7,1477299870
-1.77334,-0.00141847,1.93905,2,1.41405,0.115065,0.00141847,-1.23905,-1.65828,0,0.7,1477299871
-1.79923,-0.000537914,1.93085,2,1.37579,0.140956,0.000537914,-1.23085,-1.65828,0,0.7,1477299871
-1.78898,0.00340227,1.93082,2,1.40408,0.130703,-0.00340227,-1.23082,-1.65828,0,0.7,1477299871
-1.83916,0.00519239,1.91388,2,1.32905,0.180886,-0.00519239,-1.21388,-1.65828,0,0.7,1477299871
-1.76964,0.00589177,1.92026,2,1.4366,0.111367,-0.00589177,-1.22026,-1.65828,0,0.7,1477299871
-1.73368,0.00652711,1.92424,2,1.49222,0.0754058,-0.00652711,-1.22424,-1.65828,0,0.7,1477299871
-1.73145,0.00740021,1.92438,2,1.49844,0.0731728,-0.00740021,-1.22438,-1.65828,0,0.7,1477299871
-1.76785,0.0116743,1.91266,2,1.45644,0.109575,-0.0116743,-1.21266,-1.65828,0,0.7,1477299871
-1.75408,0.0130918,1.9212,2,1.48424,0.0958012,-0.0130918,-1.2212,-1.65828,0,0.7,1477299871
-1.72156,0.0119192,1.92555,2,1.52835,0.0632865,-0.0119192,-1.22555,-1.65828,0,0.7,1477299871
-1.75978,0.0165276,1.91252,2,1.48518,0.101501,-0.0165276,-1.21252,-1.65828,0,0.7,1477299871
-1.75791,0.0180331,1.91277,2,1.49329,0.0996291,-0.0180331,-1.21277,-1.65828,0,0.7,1477299871
-1.8174,0.0248158,1.89762,2,1.42622,0.159126,-0.0248158,-1.19762,-1.65828,0,0.7,1477299871
-1.69331,0.0136259,1.91221,2,1.57099,0.0350274,-0.0136259,-1.21221,-1.65828,0,0.7,1477299871
-1.66819,0.011888,1.93103,2,1.60594,0.00991396,-0.011888,-1.23103,-1.65828,0,0.7,1477299871
-1.72721,0.0202958,1.9121,2,1.54551,0.0689298,-0.0202958,-1.2121,-1.65828,0,0.7,1477299871
-1.81001,0.0318079,1.89874,2,1.46349,0.15173,-0.0318079,-1.19874,-1.65828,0,0.7,1477299871
-1.69062,0.0165377,1.91294,2,1.58525,0.0323417,-0.0165377,-1.21294,-1.65828,0,0.7,1477299871
-1.76071,0.0277971,1.89818,2,1.52033,0.102431,-0.0277971,-1.19818,-1.65828,0,0.7,1477299871
-1.77539,0.0312496,1.88714,2,1.50888,0.117112,-0.0312496,-1.18714,-1.65828,0,0.7,1477299871
-1.77469,0.0323378,1.88751,2,1.51412,0.116416,-0.0323378,-1.18751,-1.65828,0,0.7,1477299871
-1.73748,0.0284284,1.90524,2,1.55821,0.0792005,-0.0284284,-1.20524,-1.65828,0,0.7,1477299872
-1.73385,0.0297496,1.89886,2,1.56687,0.0755688,-0.0297496,-1.19886,-1.65828,0,0.7,1477299872
-1.75772,0.0350732,1.90074,2,1.55236,0.0994394,-0.0350732,-1.20074,-1.65828,0,0.7,1477299872
-1.8203,0.0487279,1.87446,2,1.50815,0.162018,-0.0487279,-1.17446,-1.65828,0,0.7,1477299872
-1.77138,0.0409141,1.89059,2,1.55245,0.113105,-0.0409141,-1.19059,-1.65828,0,0.7,1477299872
-1.77125,0.04206,1.89107,2,1.55716,0.112968,-0.04206,-1.19107,-1.65828,0,0.7,1477299872
-1.79798,0.048877,1.87649,2,1.54198,0.139706,-0.048877,-1.17649,-1.65828,0,0.7,1477299872
-1.78491,0.0471274,1.88097,2,1.55506,0.126627,-0.0471274,-1.18097,-1.65828,0,0.7,1477299872
-1.7849,0.0477486,1.88119,2,1.55756,0.126626,-0.0477486,-1.18119,-1.65828,0,0.7,1477299872
-1.72597,0.0362396,1.89259,2,1.60145,0.0676921,-0.0362396,-1.19259,-1.65828,0,0.7,1477299872
-1.76401,0.0466254,1.88214,2,1.58402,0.105733,-0.0466254,-1.18214,-1.65828,0,0.7,1477299872
-1.79045,0.0534673,1.86752,2,1.57025,0.132175,-0.0534673,-1.16752,-1.65828,0,0.7,1477299872
-1.79718,0.0575552,1.87991,2,1.57857,0.138904,-0.0575552,-1.17991,-1.65828,0,0.7,1477299872
-1.80164,0.0610127,1.86587,2,1.58461,0.143358,-0.0610127,-1.16587,-1.65828,0,0.7,1477299872
-1.831,0.0695413,1.85516,2,1.57613,0.172727,-0.0695413,-1.15516,-1.65828,0,0.7,1477299872
-1.75865,0.0516547,1.88188,2,1.61185,0.100376,-0.0516547,-1.18188,-1.65828,0,0.7,1477299872
-1.6987,0.0367192,1.90669,2,1.64547,0.0404222,-0.0367192,-1.20669,-1.65828,0,0.7,1477299872
-1.77462,0.0591624,1.87143,2,1.61758,0.116344,-0.0591624,-1.17143,-1.65828,0,0.7,1477299872
-1.78621,0.0633813,1.86189,2,1.61716,0.127928,-0.0633813,-1.16189,-1.65828,0,0.7,1477299872
-1.7545,0.0551161,1.87354,2,1.6311,0.0962191,-0.0551161,-1.17354,-1.65828,0,0.7,1477299872
-1.79738,0.0690733,1.85919,2,1.62447,0.139101,-0.0690733,-1.15919,-1.65828,0,0.7,1477299872
-1.82597,0.0784522,1.84848,2,1.62216,0.167691,-0.0784522,-1.14848,-1.65828,0,0.7,1477299873
-1.82618,0.0799625,1.84917,2,1.62849,0.167907,-0.0799625,-1.14917,-1.65828,0,0.7,1477299873
-1.79861,0.0733469,1.86138,2,1.64097,0.140337,-0.0733469,-1.16138,-1.65828,0,0.7,1477299873
-1.84617,0.0896288,1.83555,2,1.64238,0.187892,-0.0896288,-1.13555,-1.65828,0,0.7,1477299873
-1.82759,0.0865657,1.85207,2,1.65546,0.169312,-0.0865657,-1.15207,-1.65828,0,0.7,1477299873
-1.83057,0.0874026,1.83761,2,1.65567,0.172296,-0.0874026,-1.13761,-1.65828,0,0.7,1477299873
-1.79646,0.078119,1.85305,2,1.665,0.138185,-0.078119,-1.15305,-1.65828,0,0.7,1477299873
-1.81405,0.0849486,1.8527,2,1.6686,0.155773,-0.0849486,-1.1527,-1.65828,0,0.7,1477299873
-1.79757,0.0807535,1.85463,2,1.67484,0.139289,-0.0807535,-1.15463,-1.65828,0,0.7,1477299873
-1.83229,0.0941968,1.84084,2,1.68369,0.174012,-0.0941968,-1.14084,-1.65828,0,0.7,1477299873
-1.8025,0.0849197,1.84179,2,1.68677,0.14422,-0.0849197,-1.14179,-1.65828,0,0.7,1477299873
-1.82596,0.0942683,1.84528,2,1.69305,0.167686,-0.0942683,-1.14528,-1.65828,0,0.7,1477299873
-1.81836,0.0936352,1.84415,2,1.70186,0.160085,-0.0936352,-1.14415,-1.65828,0,0.7,1477299873
-1.84333,0.103601,1.83337,2,1.71144,0.185048,-0.103601,-1.13337,-1.65828,0,0.7,1477299873
-1.78671,0.0853723,1.86117,2,1.71109,0.128428,-0.0853723,-1.16117,-1.65828,0,0.7,1477299873
-1.83127,0.10215,1.83466,2,1.72287,0.172988,-0.10215,-1.13466,-1.65828,0,0.7,1477299873
-1.83092,0.102394,1.83518,2,1.72443,0.172643,-0.102394,-1.13518,-1.65828,0,0.7,1477299873
-1.80738,0.0949877,1.84726,2,1.72431,0.1491,-0.0949877,-1.14726,-1.65828,0,0.7,1477299873
-1.81752,0.0994634,1.83725,2,1.73099,0.159245,-0.0994634,-1.13725,-1.65828,0,0.7,1477299873
-1.80917,0.098368,1.84891,2,1.73667,0.150891,-0.098368,-1.14891,-1.65828,0,0.7,1477299873
-1.8501,0.114667,1.82319,2,1.75577,0.19182,-0.114667,-1.12319,-1.65828,0,0.7,1477299874
-1.8347,0.110795,1.83881,2,1.757,0.176418,-0.110795,-1.13881,-1.65828,0,0.7,1477299874
-1.85977,0.120624,1.81388,2,1.77245,0.201491,-0.120624,-1.11388,-1.65828,0,0.7,1477299874
-1.80813,0.101813,1.84081,2,1.75565,0.149852,-0.101813,-1.14081,-1.65828,0,0.7,1477299874
-1.82349,0.109134,1.84046,2,1.76607,0.165215,-0.109134,-1.14046,-1.65828,0,0.7,1477299874
-1.8739,0.129866,1.81521,2,1.79509,0.215619,-0.129866,-1.11521,-1.65828,0,0.7,1477299874
-1.87424,0.13083,1.81547,2,1.79916,0.21596,-0.13083,-1.11547,-1.65828,0,0.7,1477299874
-1.8747,0.132687,1.81643,2,1.8071,0.216422,-0.132687,-1.11643,-1.65828,0,0.7,1477299874
-1.85046,0.123482,1.8175,2,1.79966,0.192186,-0.123482,-1.1175,-1.65828,0,0.7,1477299874
-1.84905,0.123738,1.81959,2,1.80235,0.190776,-0.123738,-1.11959,-1.65828,0,0.7,1477299874
-1.85631,0.127381,1.81571,2,1.81021,0.198036,-0.127381,-1.11571,-1.65828,0,0.7,1477299874
-1.83817,0.120601,1.82022,2,1.80395,0.179894,-0.120601,-1.12022,-1.65828,0,0.7,1477299874
-1.86497,0.132414,1.80658,2,1.82523,0.206691,-0.132414,-1.10658,-1.65828,0,0.7,1477299874
-1.8392,0.122889,1.82137,2,1.81304,0.180921,-0.122889,-1.12137,-1.65828,0,0.7,1477299874
-1.85474,0.130358,1.80753,2,1.83079,0.196464,-0.130358,-1.10753,-1.65828,0,0.7,1477299874
-1.87425,0.139377,1.79808,2,1.84938,0.215974,-0.139377,-1.09808,-1.65828,0,0.7,1477299874
-1.8865,0.145023,1.79743,2,1.85864,0.228227,-0.145023,-1.09743,-1.65828,0,0.7,1477299874
-1.88685,0.146465,1.79828,2,1.86487,0.228575,-0.146465,-1.09828,-1.65828,0,0.7,1477299874
-1.86416,0.136986,1.79919,2,1.85291,0.205878,-0.136986,-1.09919,-1.65828,0,0.7,1477299874
-1.86441,0.138296,1.79995,2,1.85872,0.206137,-0.138296,-1.09995,-1.65828,0,0.7,1477299874
-1.87849,0.144445,1.78601,2,1.87489,0.220216,-0.144445,-1.08601,-1.65828,0,0.7,1477299874
-1.86449,0.138742,1.8004,2,1.86062,0.206214,-0.138742,-1.1004,-1.65828,0,0.7,1477299875
-1.86551,0.14079,1.80129,2,1.86884,0.207235,-0.14079,-1.10129,-1.65828,0,0.7,1477299875
-1.85384,0.136341,1.80284,2,1.8644,0.195565,-0.136341,-1.10284,-1.65828,0,0.7,1477299875
-1.84601,0.133788,1.81369,2,1.85893,0.187736,-0.133788,-1.11369,-1.65828,0,0.7,1477299875
-1.86765,0.142522,1.78911,2,1.88084,0.209371,-0.142522,-1.08911,-1.65828,0,0.7,1477299875
-1.85529,0.138836,1.80277,2,1.87468,0.197008,-0.138836,-1.10277,-1.65828,0,0.7,1477299875
-1.83475,0.130437,1.81606,2,1.85928,0.176476,-0.130437,-1.11606,-1.65828,0,0.7,1477299875
-1.86868,0.1454,1.79072,2,1.89302,0.210398,-0.1454,-1.09072,-1.65828,0,0.7,1477299875
-1.86889,0.146691,1.79139,2,1.89889,0.210611,-0.146691,-1.09139,-1.65828,0,0.7,1477299875
-1.84706,0.136927,1.79259,2,1.88372,0.188786,-0.136927,-1.09259,-1.65828,0,0.7,1477299875
-1.85842,0.143044,1.79318,2,1.89624,0.200142,-0.143044,-1.09318,-1.65828,0,0.7,1477299875
-1.86672,0.146161,1.78177,2,1.90554,0.208445,-0.146161,-1.08177,-1.65828,0,0.7,1477299875
-1.88177,0.153837,1.77971,2,1.92205,0.22349,-0.153837,-1.07971,-1.65828,0,0.7,1477299875
-1.8783,0.152679,1.78129,2,1.9207,0.220019,-0.152679,-1.08129,-1.65828,0,0.7,1477299875
-1.88106,0.154724,1.76933,2,1.93499,0.22278,-0.154724,-1.06933,-1.65828,0,0.7,1477299875
-1.88124,0.155206,1.76944,2,1.93717,0.222958,-0.155206,-1.06944,-1.65828,0,0.7,1477299875
-1.86886,0.150748,1.78397,2,1.92448,0.210587,-0.150748,-1.08397,-1.65828,0,0.7,1477299875
-1.87042,0.150988,1.77123,2,1.93165,0.212138,-0.150988,-1.07123,-1.65828,0,0.7,1477299875
-1.87079,0.151965,1.77179,2,1.93583,0.212511,-0.151965,-1.07179,-1.65828,0,0.7,1477299875
-1.88909,0.1598,1.76041,2,1.95509,0.230812,-0.1598,-1.06041,-1.65828,0,0.7,1477299875
-1.83911,0.138675,1.79754,2,1.90304,0.180835,-0.138675,-1.09754,-1.65828,0,0.7,1477299875
-1.88941,0.160791,1.76095,2,1.95944,0.231131,-0.160791,-1.06095,-1.65828,0,0.7,1477299876
-1.8908,0.161351,1.74896,2,1.96955,0.232524,-0.161351,-1.04896,-1.65828,0,0.7,1477299876
-1.8908,0.161351,1.74896,2,1.96955,0.232524,-0.161351,-1.04896,-1.65828,0,0.7,1477299876
-1.8908,0.161351,1.74896,2,1.96955,0.232524,-0.161351,-1.04896,-1.65828,0,0.7,1477299876
-1.87935,0.157724,1.76311,2,1.95838,0.22107,-0.157724,-1.06311,-1.65828,0,0.7,1477299876
-1.89098,0.162679,1.74966,2,1.97593,0.2327,-0.162679,-1.04966,-1.65828,0,0.7,1477299876
-1.89164,0.16298,1.74938,2,1.97666,0.233358,-0.16298,-1.04938,-1.65828,0,0.7,1477299876
-1.87126,0.153692,1.75074,2,1.95967,0.212978,-0.153692,-1.05074,-1.65828,0,0.7,1477299876
-1.87733,0.156756,1.75301,2,1.9643,0.219055,-0.156756,-1.05301,-1.65828,0,0.7,1477299876
-1.88907,0.161378,1.73961,2,1.98039,0.230788,-0.161378,-1.03961,-1.65828,0,0.7,1477299876
-1.859,0.14869,1.76436,2,1.94336,0.200723,-0.14869,-1.06436,-1.65828,0,0.7,1477299876
-1.88956,0.162866,1.74053,2,1.98702,0.231278,-0.162866,-1.04053,-1.65828,0,0.7,1477299876
-1.8894,0.162368,1.74016,2,1.98485,0.231123,-0.162368,-1.04016,-1.65828,0,0.7,1477299876
-1.87965,0.157682,1.74003,2,1.97578,0.221372,-0.157682,-1.04003,-1.65828,0,0.7,1477299876
-1.88977,0.164217,1.74142,2,1.99338,0.231489,-0.164217,-1.04142,-1.65828,0,0.7,1477299876
-1.86199,0.151953,1.75364,2,1.96385,0.203712,-0.151953,-1.05364,-1.65828,0,0.7,1477299876
-1.87426,0.157001,1.74002,2,1.98138,0.215981,-0.157001,-1.04002,-1.65828,0,0.7,1477299876
-1.89158,0.164947,1.72938,1.99509,2,0.233297,-0.164947,-1.02938,-1.65828,0,0.7,1477299876
-1.89191,0.165939,1.72994,1.99062,2,0.233631,-0.165939,-1.02994,-1.65828,0,0.7,1477299876
-1.89191,0.165939,1.72994,1.99062,2,0.233631,-0.165939,-1.02994,-1.65828,0,0.7,1477299876
-1.87073,0.156203,1.74295,2,1.98067,0.212454,-0.156203,-1.04295,-1.65828,0,0.7,1477299876
-1.88952,0.163965,1.71996,1.98843,2,0.231239,-0.163965,-1.01996,-1.65828,0,0.7,1477299876
-1.88195,0.161157,1.73073,2,1.99925,0.223673,-0.161157,-1.03073,-1.65828,0,0.7,1477299877
-1.90984,0.173516,1.70765,1.9585,2,0.251558,-0.173516,-1.00765,-1.65828,0,0.7,1477299877
-1.90108,0.169747,1.70784,1.96451,2,0.242803,-0.169747,-1.00784,-1.65828,0,0.7,1477299877
-1.91012,0.174515,1.70819,1.95402,2,0.25184,-0.174515,-1.00819,-1.65828,0,0.7,1477299877
-1.87972,0.160095,1.72153,1.99466,2,0.221442,-0.160095,-1.02153,-1.65828,0,0.7,1477299877
-1.90125,0.170234,1.70798,1.9622,2,0.242968,-0.170234,-1.00798,-1.65828,0,0.7,1477299877
-1.9009,0.170071,1.70808,1.9626,2,0.242618,-0.170071,-1.00808,-1.65828,0,0.7,1477299877
-1.91768,0.1776,1.69752,1.93927,2,0.259402,-0.1776,-0.997516,-1.65828,0,0.7,1477299877
-1.89844,0.168978,1.6998,1.9563,2,0.240163,-0.168978,-0.999797,-1.65828,0,0.7,1477299877
-1.89844,0.168978,1.6998,1.9563,2,0.240163,-0.168978,-0.999797,-1.65828,0,0.7,1477299877
-1.91856,0.177444,1.6861,1.9297,2,0.260286,-0.177444,-0.986095,-1.65828,0,0.7,1477299877
-1.91843,0.176956,1.68595,1.93201,2,0.26015,-0.176956,-0.985947,-1.65828,0,0.7,1477299877
-1.8885,0.162962,1.69914,1.97267,2,0.230222,-0.162962,-0.999142,-1.65828,0,0.7,1477299877
-1.89283,0.165713,1.69735,1.96265,2,0.234548,-0.165713,-0.99735,-1.65828,0,0.7,1477299877
-1.87893,0.158812,1.70044,1.98115,2,0.220649,-0.158812,-1.00044,-1.65828,0,0.7,1477299877
-1.89985,0.167785,1.68663,1.95228,2,0.241572,-0.167785,-0.986625,-1.65828,0,0.7,1477299877
-1.89985,0.167785,1.68663,1.95228,2,0.241572,-0.167785,-0.986625,-1.65828,0,0.7,1477299877
-1.89985,0.167785,1.68663,1.95228,2,0.241572,-0.167785,-0.986625,-1.65828,0,0.7,1477299877
-1.89891,0.167438,1.68785,1.95389,2,0.240632,-0.167438,-0.987853,-1.65828,0,0.7,1477299877
-1.88998,0.163162,1.68778,1.9629,2,0.231707,-0.163162,-0.987783,-1.65828,0,0.7,1477299877
-1.88007,0.158469,1.68879,1.97395,2,0.221789,-0.158469,-0.988787,-1.65828,0,0.7,1477299877
-1.89658,0.16553,1.67841,1.95113,2,0.238305,-0.16553,-0.978405,-1.65828,0,0.7,1477299878
-1.9071,0.169489,1.66607,1.93342,2,0.248824,-0.169489,-0.966073,-1.65828,0,0.7,1477299878
-1.87968,0.157503,1.68823,1.97853,2,0.221405,-0.157503,-0.988231,-1.65828,0,0.7,1477299878
-1.89147,0.162025,1.67418,1.95843,2,0.233192,-0.162025,-0.97418,-1.65828,0,0.7,1477299878
-1.89782,0.164289,1.66538,1.94696,2,0.239542,-0.164289,-0.965385,-1.65828,0,0.7,1477299878
-1.89743,0.1646,1.66668,1.94579,2,0.239157,-0.1646,-0.966683,-1.65828,0,0.7,1477299878
-1.89131,0.162866,1.6761,1.95509,2,0.23303,-0.162866,-0.9761,-1.65828,0,0.7,1477299878
-1.9071,0.169489,1.66607,1.93342,2,0.248824,-0.169489,-0.966073,-1.65828,0,0.7,1477299878
-1.89832,0.164939,1.66569,1.94429,2,0.240044,-0.164939,-0.965691,-1.65828,0,0.7,1477299878
-1.89832,0.164939,1.66569,1.94429,2,0.240044,-0.164939,-0.965691,-1.65828,0,0.7,1477299878
-1.90459,0.16711,1.65669,1.9327,2,0.246314,-0.16711,-0.956686,-1.65828,0,0.7,1477299878
-1.90459,0.16711,1.65669,1.9327,2,0.246314,-0.16711,-0.956686,-1.65828,0,0.7,1477299878
-1.90459,0.16711,1.65669,1.9327,2,0.246314,-0.16711,-0.956686,-1.65828,0,0.7,1477299878
-1.90545,0.1666,1.64566,1.92489,2,0.247176,-0.1666,-0.94566,-1.65828,0,0.7,1477299878
-1.90545,0.1666,1.64566,1.92489,2,0.247176,-0.1666,-0.94566,-1.65828,0,0.7,1477299878
-1.9048,0.165465,1.64513,1.93002,2,0.246522,-0.165465,-0.945126,-1.65828,0,0.7,1477299878
-1.9048,0.165465,1.64513,1.93002,2,0.246522,-0.165465,-0.945126,-1.65828,0,0.7,1477299878
-1.89607,0.161018,1.64476,1.94119,2,0.237793,-0.161018,-0.944758,-1.65828,0,0.7,1477299878
-1.89553,0.160852,1.64572,1.94231,2,0.23725,-0.160852,-0.945719,-1.65828,0,0.7,1477299878
-1.93056,0.175333,1.62343,1.89085,2,0.272284,-0.175333,-0.923432,-1.65828,0,0.7,1477299878
-1.89321,0.159038,1.63677,1.93936,2,0.234933,-0.159038,-0.936767,-1.65828,0,0.7,1477299878
-1.91301,0.167045,1.62389,1.9102,2,0.25473,-0.167045,-0.923885,-1.65828,0,0.7,1477299879
-1.90198,0.16221,1.63563,1.93416,2,0.243699,-0.16221,-0.935626,-1.65828,0,0.7,1477299879
-1.90606,0.164324,1.63348,1.9259,2,0.247783,-0.164324,-0.933476,-1.65828,0,0.7,1477299879
-1.91286,0.16658,1.62376,1.91269,2,0.254586,-0.16658,-0.923762,-1.65828,0,0.7,1477299879
-1.89649,0.159615,1.6341,1.9387,2,0.238208,-0.159615,-0.9341,-1.65828,0,0.7,1477299879
-1.90277,0.161275,1.62433,1.92832,2,0.244495,-0.161275,-0.924329,-1.65828,0,0.7,1477299879
-1.90303,0.160988,1.62395,1.93017,2,0.24475,-0.160988,-0.923947,-1.65828,0,0.7,1477299879
-1.87779,0.150316,1.63439,1.96453,2,0.219513,-0.150316,-0.934389,-1.65828,0,0.7,1477299879
-1.8938,0.156868,1.62471,1.94054,2,0.235523,-0.156868,-0.924711,-1.65828,0,0.7,1477299879
-1.90423,0.160653,1.6131,1.92148,2,0.24595,-0.160653,-0.913102,-1.65828,0,0.7,1477299879
-1.90423,0.160653,1.6131,1.92148,2,0.24595,-0.160653,-0.913102,-1.65828,0,0.7,1477299879
-1.89486,0.156516,1.61408,1.93224,2,0.236582,-0.156516,-0.914081,-1.65828,0,0.7,1477299879
-1.9005,0.158727,1.61507,1.92947,2,0.24222,-0.158727,-0.915066,-1.65828,0,0.7,1477299879
-1.9005,0.158727,1.61507,1.92947,2,0.24222,-0.158727,-0.915066,-1.65828,0,0.7,1477299879
-1.90133,0.157855,1.60417,1.92345,2,0.24305,-0.157855,-0.904173,-1.65828,0,0.7,1477299879
-1.88542,0.150339,1.61269,1.95425,2,0.227143,-0.150339,-0.91269,-1.65828,0,0.7,1477299879
-1.90112,0.157379,1.60405,1.92608,2,0.242845,-0.157379,-0.904045,-1.65828,0,0.7,1477299879
-1.87581,0.146464,1.61406,1.96401,2,0.21753,-0.146464,-0.914059,-1.65828,0,0.7,1477299879
-1.87581,0.146464,1.61406,1.96401,2,0.21753,-0.146464,-0.914059,-1.65828,0,0.7,1477299879
-1.88188,0.149643,1.61557,1.95557,2,0.223606,-0.149643,-0.915571,-1.65828,0,0.7,1477299879
-1.88325,0.149835,1.60516,1.94456,2,0.224976,-0.149835,-0.905156,-1.65828,0,0.7,1477299879
-1.90913,0.159677,1.58449,1.90076,2,0.250849,-0.159677,-0.884493,-1.65828,0,0.7,1477299880
-1.88945,0.151952,1.59688,1.93177,2,0.231171,-0.151952,-0.896883,-1.65828,0,0.7,1477299880
-1.88945,0.151952,1.59688,1.93177,2,0.231171,-0.151952,-0.896883,-1.65828,0,0.7,1477299880
-1.89984,0.155685,1.5856,1.91167,2,0.241566,-0.155685,-0.885596,-1.65828,0,0.7,1477299880
-1.89984,0.155685,1.5856,1.91167,2,0.241566,-0.155685,-0.885596,-1.65828,0,0.7,1477299880
-1.91,0.159232,1.57432,1.89181,2,0.251727,-0.159232,-0.874321,-1.65828,0,0.7,1477299880
-1.89551,0.153528,1.58779,1.92107,2,0.23723,-0.153528,-0.887793,-1.65828,0,0.7,1477299880
-1.87073,0.142903,1.59739,1.95976,2,0.212455,-0.142903,-0.897394,-1.65828,0,0.7,1477299880
-1.87461,0.144519,1.59527,1.95325,2,0.216332,-0.144519,-0.895274,-1.65828,0,0.7,1477299880
-1.87942,0.146353,1.59631,1.95087,2,0.221146,-0.146353,-0.896311,-1.65828,0,0.7,1477299880
-1.90062,0.154054,1.5746,1.91002,2,0.242347,-0.154054,-0.874601,-1.65828,0,0.7,1477299880
-1.90641,0.156693,1.56736,1.89291,2,0.248135,-0.156693,-0.867356,-1.65828,0,0.7,1477299880
-1.9076,0.157498,1.56635,1.88821,2,0.249319,-0.157498,-0.866351,-1.65828,0,0.7,1477299880
-1.90641,0.156693,1.56736,1.89291,2,0.248135,-0.156693,-0.867356,-1.65828,0,0.7,1477299880
-1.89807,0.152672,1.56698,1.90456,2,0.239792,-0.152672,-0.866977,-1.65828,0,0.7,1477299880
-1.89786,0.15221,1.56687,1.90731,2,0.239581,-0.15221,-0.866874,-1.65828,0,0.7,1477299880
-1.89873,0.151415,1.55653,1.90052,2,0.240451,-0.151415,-0.85653,-1.65828,0,0.7,1477299880
-1.89873,0.151415,1.55653,1.90052,2,0.240451,-0.151415,-0.85653,-1.65828,0,0.7,1477299880
-1.90793,0.155273,1.55543,1.88923,2,0.249651,-0.155273,-0.855434,-1.65828,0,0.7,1477299880
-1.91325,0.156108,1.5474,1.8821,2,0.25497,-0.156108,-0.847396,-1.65828,0,0.7,1477299880
-1.91325,0.156108,1.5474,1.8821,2,0.25497,-0.156108,-0.847396,-1.65828,0,0.7,1477299880
-1.89843,0.149747,1.55537,1.91053,2,0.240148,-0.149747,-0.855371,-1.65828,0,0.7,1477299881
-1.88916,0.145867,1.55638,1.9223,2,0.230878,-0.145867,-0.856376,-1.65828,0,0.7,1477299881
-1.88916,0.145867,1.55638,1.9223,2,0.230878,-0.145867,-0.856376,-1.65828,0,0.7,1477299881
-1.89946,0.149431,1.54558,1.90111,2,0.241178,-0.149431,-0.845575,-1.65828,0,0.7,1477299881
-1.92816,0.159996,1.52877,1.85541,2,0.269878,-0.159996,-0.828773,-1.65828,0,0.7,1477299881
-1.89651,0.146815,1.5374,1.9032,2,0.238231,-0.146815,-0.837395,-1.65828,0,0.7,1477299881
-1.9057,0.150579,1.53632,1.89157,2,0.247423,-0.150579,-0.836319,-1.65828,0,0.7,1477299881
-1.91096,0.151382,1.52852,1.8844,2,0.252681,-0.151382,-0.828523,-1.65828,0,0.7,1477299881
-1.89651,0.146053,1.53674,1.90811,2,0.238232,-0.146053,-0.836738,-1.65828,0,0.7,1477299881
-1.91081,0.1517,1.52868,1.88196,2,0.252533,-0.1517,-0.828685,-1.65828,0,0.7,1477299881
-1.91171,0.15016,1.51832,1.87963,2,0.253436,-0.15016,-0.818324,-1.65828,0,0.7,1477299881
-1.91174,0.149387,1.5177,1.8847,2,0.253467,-0.149387,-0.817699,-1.65828,0,0.7,1477299881
-1.88275,0.139034,1.53881,1.93801,2,0.224474,-0.139034,-0.838809,-1.65828,0,0.7,1477299881
-1.88393,0.138837,1.52919,1.9284,2,0.22565,-0.138837,-0.829194,-1.65828,0,0.7,1477299881
-1.90349,0.146025,1.51766,1.89413,2,0.245213,-0.146025,-0.817661,-1.65828,0,0.7,1477299881
-1.88358,0.137976,1.52872,1.93401,2,0.225303,-0.137976,-0.828719,-1.65828,0,0.7,1477299881
-1.89421,0.14193,1.51831,1.9087,2,0.235929,-0.14193,-0.81831,-1.65828,0,0.7,1477299881
-1.90895,0.147666,1.51056,1.88131,2,0.250676,-0.147666,-0.810558,-1.65828,0,0.7,1477299881
-1.90895,0.147666,1.51056,1.88131,2,0.250676,-0.147666,-0.810558,-1.65828,0,0.7,1477299881
-1.8812,0.13642,1.52107,1.93072,2,0.222918,-0.13642,-0.821068,-1.65828,0,0.7,1477299881
-1.89133,0.139097,1.51024,1.91367,2,0.23305,-0.139097,-0.810244,-1.65828,0,0.7,1477299881
-1.90927,0.145166,1.49997,1.88513,2,0.250991,-0.145166,-0.799975,-1.65828,0,0.7,1477299882
-1.89511,0.140512,1.50824,1.90681,2,0.236837,-0.140512,-0.80824,-1.65828,0,0.7,1477299882
-1.90068,0.14219,1.50114,1.89346,2,0.242397,-0.14219,-0.801139,-1.65828,0,0.7,1477299882
-1.9067,0.143199,1.49256,1.88388,2,0.248423,-0.143199,-0.792557,-1.65828,0,0.7,1477299882
-1.9067,0.143199,1.49256,1.88388,2,0.248423,-0.143199,-0.792557,-1.65828,0,0.7,1477299882
-1.9067,0.143199,1.49256,1.88388,2,0.248423,-0.143199,-0.792557,-1.65828,0,0.7,1477299882
-1.91638,0.145858,1.48241,1.86517,2,0.258099,-0.145858,-0.782415,-1.65828,0,0.7,1477299882
-1.90739,0.142041,1.48303,1.87923,2,0.24911,-0.142041,-0.783029,-1.65828,0,0.7,1477299882
-1.90739,0.142041,1.48303,1.87923,2,0.24911,-0.142041,-0.783029,-1.65828,0,0.7,1477299882
-1.88911,0.134838,1.49222,1.91721,2,0.230833,-0.134838,-0.792224,-1.65828,0,0.7,1477299882
-1.89297,0.136249,1.49023,1.91003,2,0.234691,-0.136249,-0.790231,-1.65828,0,0.7,1477299882
-1.89297,0.136249,1.49023,1.91003,2,0.234691,-0.136249,-0.790231,-1.65828,0,0.7,1477299882
-1.92128,0.146033,1.47485,1.86095,2,0.263005,-0.146033,-0.774849,-1.65828,0,0.7,1477299882
-1.88994,0.133816,1.48268,1.91268,2,0.231665,-0.133816,-0.782676,-1.65828,0,0.7,1477299882
-1.89943,0.136865,1.47367,1.89117,2,0.24115,-0.136865,-0.773669,-1.65828,0,0.7,1477299882
-1.89534,0.134675,1.47518,1.90438,2,0.237063,-0.134675,-0.775178,-1.65828,0,0.7,1477299882
-1.90535,0.137807,1.46541,1.8814,2,0.24707,-0.137807,-0.76541,-1.65828,0,0.7,1477299882
-1.90535,0.137807,1.46541,1.8814,2,0.24707,-0.137807,-0.76541,-1.65828,0,0.7,1477299882
-1.89737,0.13401,1.46451,1.89667,2,0.239092,-0.13401,-0.764507,-1.65828,0,0.7,1477299882
-1.89099,0.132158,1.47241,1.91301,2,0.232712,-0.132158,-0.772408,-1.65828,0,0.7,1477299882
-1.88794,0.129782,1.46504,1.91586,2,0.229662,-0.129782,-0.765045,-1.65828,0,0.7,1477299882
-1.88794,0.129782,1.46504,1.91586,2,0.229662,-0.129782,-0.765045,-1.65828,0,0.7,1477299883
-1.90358,0.134512,1.44862,1.87752,2,0.245305,-0.134512,-0.748622,-1.65828,0,0.7,1477299883
-1.90358,0.134512,1.44862,1.87752,2,0.245305,-0.134512,-0.748622,-1.65828,0,0.7,1477299883
-1.89738,0.132391,1.45588,1.89659,2,0.239104,-0.132391,-0.755885,-1.65828,0,0.7,1477299883
-1.88534,0.127588,1.4574,1.91778,2,0.22706,-0.127588,-0.757403,-1.65828,0,0.7,1477299883
-1.90358,0.134512,1.44862,1.87752,2,0.245305,-0.134512,-0.748622,-1.65828,0,0.7,1477299883
-1.89437,0.130052,1.44866,1.89913,2,0.236094,-0.130052,-0.748658,-1.65828,0,0.7,1477299883
-1.90035,0.130656,1.44054,1.89206,2,0.242073,-0.130656,-0.740543,-1.65828,0,0.7,1477299883
-1.92663,0.14023,1.43106,1.84226,2,0.268352,-0.14023,-0.731064,-1.65828,0,0.7,1477299883
-1.90955,0.134513,1.43283,1.8612,2,0.251271,-0.134513,-0.732827,-1.65828,0,0.7,1477299883
-1.89169,0.128219,1.44179,1.8984,2,0.23341,-0.128219,-0.741794,-1.65828,0,0.7,1477299883
-1.89553,0.129183,1.43953,1.89356,2,0.237249,-0.129183,-0.739526,-1.65828,0,0.7,1477299883
-1.8914,0.127418,1.44137,1.90485,2,0.233118,-0.127418,-0.74137,-1.65828,0,0.7,1477299883
-1.90143,0.13046,1.43202,1.88044,2,0.243154,-0.13046,-0.732019,-1.65828,0,0.7,1477299883
-1.88723,0.125074,1.43863,1.91367,2,0.228954,-0.125074,-0.738631,-1.65828,0,0.7,1477299883
-1.91882,0.135368,1.4226,1.85381,2,0.260541,-0.135368,-0.722598,-1.65828,0,0.7,1477299883
-1.9102,0.132343,1.4234,1.86527,2,0.251922,-0.132343,-0.723398,-1.65828,0,0.7,1477299883
-1.90241,0.129171,1.42298,1.87804,2,0.244129,-0.129171,-0.722977,-1.65828,0,0.7,1477299883
-1.90241,0.129171,1.42298,1.87804,2,0.244129,-0.129171,-0.722977,-1.65828,0,0.7,1477299883
-1.8935,0.125658,1.42345,1.89393,2,0.23522,-0.125658,-0.723447,-1.65828,0,0.7,1477299883
-1.89342,0.125276,1.42311,1.89703,2,0.235143,-0.125276,-0.723111,-1.65828,0,0.7,1477299883
-1.8993,0.126523,1.41579,1.88364,2,0.241019,-0.126523,-0.715792,-1.65828,0,0.7,1477299884
-1.89037,0.123037,1.41624,1.8999,2,0.232088,-0.123037,-0.716237,-1.65828,0,0.7,1477299884
-1.90848,0.129214,1.40752,1.8607,2,0.250198,-0.129214,-0.707516,-1.65828,0,0.7,1477299884
-1.90565,0.12739,1.40088,1.85923,2,0.247373,-0.12739,-0.700885,-1.65828,0,0.7,1477299884
-1.89669,0.124429,1.40867,1.8852,2,0.238411,-0.124429,-0.708674,-1.65828,0,0.7,1477299884
-1.9052,0.125829,1.40008,1.87293,2,0.246921,-0.125829,-0.700084,-1.65828,0,0.7,1477299884
-1.89133,0.121138,1.40673,1.90384,2,0.233049,-0.121138,-0.70673,-1.65828,0,0.7,1477299884
-1.89133,0.121138,1.40673,1.90384,2,0.233049,-0.121138,-0.70673,-1.65828,0,0.7,1477299884
-1.91495,0.128229,1.39109,1.85144,2,0.256667,-0.128229,-0.691086,-1.65828,0,0.7,1477299884
-1.91495,0.128229,1.39109,1.85144,2,0.256667,-0.128229,-0.691086,-1.65828,0,0.7,1477299884
-1.91495,0.128229,1.39109,1.85144,2,0.256667,-0.128229,-0.691086,-1.65828,0,0.7,1477299884
-1.87418,0.114482,1.40672,1.93612,2,0.215903,-0.114482,-0.706716,-1.65828,0,0.7,1477299884
-1.91189,0.125659,1.38423,1.85679,2,0.253609,-0.125659,-0.684231,-1.65828,0,0.7,1477299884
-1.91169,0.124887,1.38385,1.8639,2,0.253413,-0.124887,-0.683846,-1.65828,0,0.7,1477299884
-1.91169,0.124887,1.38385,1.8639,2,0.253413,-0.124887,-0.683846,-1.65828,0,0.7,1477299884
-1.90406,0.121952,1.38334,1.87694,2,0.245785,-0.121952,-0.683343,-1.65828,0,0.7,1477299884
-1.88919,0.117091,1.39072,1.91138,2,0.230908,-0.117091,-0.690724,-1.65828,0,0.7,1477299884
-1.89922,0.119935,1.38195,1.88491,2,0.240946,-0.119935,-0.681945,-1.65828,0,0.7,1477299884
-1.89922,0.119935,1.38195,1.88491,2,0.240946,-0.119935,-0.681945,-1.65828,0,0.7,1477299884
-1.88613,0.114656,1.38402,1.91822,2,0.227855,-0.114656,-0.684019,-1.65828,0,0.7,1477299884
-1.90964,0.121504,1.36903,1.86379,2,0.251361,-0.121504,-0.669027,-1.65828,0,0.7,1477299884
-1.90119,0.119093,1.3698,1.87263,2,0.242913,-0.119093,-0.669803,-1.65828,0,0.7,1477299885
-1.88739,0.11426,1.37578,1.90855,2,0.229114,-0.11426,-0.675777,-1.65828,0,0.7,1477299885
-1.88721,0.113881,1.37571,1.91252,2,0.228931,-0.113881,-0.675709,-1.65828,0,0.7,1477299885
-1.88398,0.111434,1.36902,1.91973,2,0.225702,-0.111434,-0.669016,-1.65828,0,0.7,1477299885
-1.88398,0.111434,1.36902,1.91973,2,0.225702,-0.111434,-0.669016,-1.65828,0,0.7,1477299885
-1.87011,0.107546,1.37565,1.94665,2,0.211833,-0.107546,-0.675647,-1.65828,0,0.7,1477299885
-1.89435,0.11498,1.36085,1.88424,2,0.236075,-0.11498,-0.660854,-1.65828,0,0.7,1477299885
-1.89435,0.11498,1.36085,1.88424,2,0.236075,-0.11498,-0.660854,-1.65828,0,0.7,1477299885
-1.88561,0.111503,1.36115,1.90559,2,0.227334,-0.111503,-0.661149,-1.65828,0,0.7,1477299885
-1.8991,0.115491,1.35496,1.8764,2,0.240823,-0.115491,-0.654964,-1.65828,0,0.7,1477299885
-1.90863,0.117349,1.34624,1.8569,2,0.250348,-0.117349,-0.646245,-1.65828,0,0.7,1477299885
-1.8911,0.1119,1.35416,1.89882,2,0.232821,-0.1119,-0.654161,-1.65828,0,0.7,1477299885
-1.88218,0.108728,1.35455,1.91713,2,0.223901,-0.108728,-0.654546,-1.65828,0,0.7,1477299885
-1.90038,0.114425,1.34657,1.87296,2,0.242105,-0.114425,-0.646573,-1.65828,0,0.7,1477299885
-1.89744,0.112765,1.34055,1.87181,2,0.239166,-0.112765,-0.64055,-1.65828,0,0.7,1477299885
-1.90714,0.115324,1.33237,1.8438,2,0.248865,-0.115324,-0.632373,-1.65828,0,0.7,1477299885
-1.89387,0.110877,1.33795,1.88057,2,0.235591,-0.110877,-0.637946,-1.65828,0,0.7,1477299885
-1.89962,0.112266,1.33152,1.86148,2,0.241343,-0.112266,-0.631524,-1.65828,0,0.7,1477299885
-1.92411,0.119764,1.32434,1.8106,2,0.265836,-0.119764,-0.624341,-1.65828,0,0.7,1477299885
-1.90431,0.112713,1.32578,1.85321,2,0.246029,-0.112713,-0.62578,-1.65828,0,0.7,1477299885
-1.8958,0.110111,1.32644,1.86699,2,0.237526,-0.110111,-0.626435,-1.65828,0,0.7,1477299885
-1.90417,0.112349,1.32574,1.85754,2,0.245888,-0.112349,-0.625738,-1.65828,0,0.7,1477299886
-1.91311,0.114308,1.31814,1.83523,2,0.254834,-0.114308,-0.61814,-1.65828,0,0.7,1477299886
-1.89233,0.10797,1.3236,1.87948,2,0.234048,-0.10797,-0.6236,-1.65828,0,0.7,1477299886
-1.89233,0.10797,1.3236,1.87948,2,0.234048,-0.10797,-0.6236,-1.65828,0,0.7,1477299886
-1.90467,0.111102,1.31833,1.85614,2,0.246393,-0.111102,-0.618329,-1.65828,0,0.7,1477299886
-1.9066,0.110536,1.30983,1.84617,2,0.248323,-0.110536,-0.609833,-1.65828,0,0.7,1477299886
-1.89821,0.108041,1.31045,1.85985,2,0.239935,-0.108041,-0.610452,-1.65828,0,0.7,1477299886
-1.88922,0.10539,1.31729,1.89081,2,0.230942,-0.10539,-0.617287,-1.65828,0,0.7,1477299886
-1.89821,0.108041,1.31045,1.85985,2,0.239935,-0.108041,-0.610452,-1.65828,0,0.7,1477299886
-1.88044,0.102423,1.31763,1.9101,2,0.222164,-0.102423,-0.617627,-1.65828,0,0.7,1477299886
-1.92065,0.113568,1.29672,1.80538,2,0.26237,-0.113568,-0.596721,-1.65828,0,0.7,1477299886
-1.92053,0.112856,1.29638,1.81379,2,0.262253,-0.112856,-0.596382,-1.65828,0,0.7,1477299886
-1.89944,0.106379,1.30219,1.86428,2,0.241161,-0.106379,-0.602191,-1.65828,0,0.7,1477299886
-1.90947,0.108298,1.29101,1.83244,2,0.251197,-0.108298,-0.591012,-1.65828,0,0.7,1477299886
-1.89516,0.105175,1.304,1.87489,2,0.236884,-0.105175,-0.603995,-1.65828,0,0.7,1477299886
-1.89648,0.104837,1.29658,1.86295,2,0.238198,-0.104837,-0.59658,-1.65828,0,0.7,1477299886
-1.89629,0.104473,1.29652,1.86767,2,0.238015,-0.104473,-0.596525,-1.65828,0,0.7,1477299886
-1.88786,0.101691,1.29673,1.88626,2,0.229581,-0.101691,-0.596732,-1.65828,0,0.7,1477299886
-1.892,0.10264,1.2979,1.88686,2,0.23372,-0.10264,-0.597905,-1.65828,0,0.7,1477299886
-1.9106,0.106898,1.28311,1.83271,2,0.252327,-0.106898,-0.583105,-1.65828,0,0.7,1477299886
-1.91068,0.106596,1.28297,1.83699,2,0.252404,-0.106596,-0.582969,-1.65828,0,0.7,1477299886
-1.91594,0.107726,1.27728,1.81764,2,0.257663,-0.107726,-0.577283,-1.65828,0,0.7,1477299887
-1.90728,0.104977,1.27784,1.83641,2,0.249007,-0.104977,-0.577836,-1.65828,0,0.7,1477299887
-1.89979,0.10219,1.27717,1.85612,2,0.241517,-0.10219,-0.577172,-1.65828,0,0.7,1477299887
-1.89116,0.0991438,1.2774,1.88024,2,0.232885,-0.0991438,-0.577403,-1.65828,0,0.7,1477299887
-1.90094,0.101503,1.26995,1.84825,2,0.242658,-0.101503,-0.56995,-1.65828,0,0.7,1477299887
-1.88273,0.0961655,1.27754,1.90451,2,0.224453,-0.0961655,-0.577543,-1.65828,0,0.7,1477299887
-1.91389,0.103816,1.26405,1.83029,2,0.255614,-0.103816,-0.564054,-1.65828,0,0.7,1477299887
-1.89788,0.0990922,1.26424,1.86065,2,0.239597,-0.0990922,-0.564245,-1.65828,0,0.7,1477299887
-1.9151,0.103769,1.25734,1.81281,2,0.256819,-0.103769,-0.557336,-1.65828,0,0.7,1477299887
-1.90177,0.100148,1.26304,1.85095,2,0.243495,-0.100148,-0.563041,-1.65828,0,0.7,1477299887
-1.89422,0.0977401,1.26269,1.86747,2,0.235945,-0.0977401,-0.562692,-1.65828,0,0.7,1477299887
-1.91198,0.101636,1.25181,1.81996,2,0.253698,-0.101636,-0.551808,-1.65828,0,0.7,1477299887
-1.50279,0.0451966,11.6342,2,1.95997,-0.155484,-0.0451966,-10.9342,-1.65828,0,0.7,1477299887
-1.91176,0.100299,1.2512,1.83939,2,0.253478,-0.100299,-0.551197,-1.65828,0,0.7,1477299887
-1.913,0.0999432,1.24426,1.82574,2,0.254727,-0.0999432,-0.544261,-1.65828,0,0.7,1477299887
-1.91341,0.1007,1.24459,1.81533,2,0.255136,-0.1007,-0.544588,-1.65828,0,0.7,1477299887
-1.88288,0.0931278,1.25721,1.89546,2,0.224598,-0.0931278,-0.557207,-1.65828,0,0.7,1477299887
-1.90513,0.0978878,1.24477,1.83914,2,0.246852,-0.0978878,-0.544768,-1.65828,0,0.7,1477299887
-1.90637,0.0969305,1.23763,1.83514,2,0.248092,-0.0969305,-0.537632,-1.65828,0,0.7,1477299887
-1.91881,0.0998778,1.23269,1.80367,2,0.26053,-0.0998778,-0.532687,-1.65828,0,0.7,1477299887
-1.91881,0.0998778,1.23269,1.80367,2,0.26053,-0.0998778,-0.532687,-1.65828,0,0.7,1477299887
-1.90205,0.0955463,1.23929,1.85232,2,0.243772,-0.0955463,-0.539294,-1.65828,0,0.7,1477299888
-1.89512,0.0925107,1.23265,1.86341,2,0.236847,-0.0925107,-0.532651,-1.65828,0,0.7,1477299888
-1.90321,0.0939751,1.23195,1.85894,2,0.244928,-0.0939751,-0.531949,-1.65828,0,0.7,1477299888
-1.90458,0.094003,1.22549,1.83966,2,0.246301,-0.094003,-0.52549,-1.65828,0,0.7,1477299888
-1.92491,0.099174,1.22045,1.78941,2,0.266633,-0.099174,-0.520454,-1.65828,0,0.7,1477299888
-1.89725,0.0915032,1.22483,1.86146,2,0.238971,-0.0915032,-0.524826,-1.65828,0,0.7,1477299888
-1.8786,0.0858972,1.23157,1.93509,2,0.220323,-0.0858972,-0.531568,-1.65828,0,0.7,1477299888
-1.89372,0.0885634,1.21928,1.88778,2,0.235442,-0.0885634,-0.519281,-1.65828,0,0.7,1477299888
-1.90139,0.0911034,1.21994,1.86461,2,0.243112,-0.0911034,-0.519938,-1.65828,0,0.7,1477299888
-1.90281,0.0911511,1.21359,1.84463,2,0.24453,-0.0911511,-0.513592,-1.65828,0,0.7,1477299888
-1.88557,0.0865405,1.21974,1.90377,2,0.227289,-0.0865405,-0.519742,-1.65828,0,0.7,1477299888
-1.88557,0.0865405,1.21974,1.90377,2,0.227289,-0.0865405,-0.519742,-1.65828,0,0.7,1477299888
-1.8996,0.0891915,1.20845,1.85382,2,0.241321,-0.0891915,-0.508446,-1.65828,0,0.7,1477299888
-1.89969,0.0889267,1.20845,1.8595,2,0.241414,-0.0889267,-0.508448,-1.65828,0,0.7,1477299888
-1.92154,0.0939617,1.19719,1.78474,2,0.263264,-0.0939617,-0.497195,-1.65828,0,0.7,1477299888
-1.91352,0.0914328,1.19735,1.80985,2,0.255245,-0.0914328,-0.497346,-1.65828,0,0.7,1477299888
-1.92278,0.0930054,1.19058,1.78011,2,0.264499,-0.0930054,-0.490582,-1.65828,0,0.7,1477299888
-1.92269,0.0926794,1.19056,1.78625,2,0.264417,-0.0926794,-0.490559,-1.65828,0,0.7,1477299888
-1.90281,0.0873125,1.19495,1.85033,2,0.244532,-0.0873125,-0.494954,-1.65828,0,0.7,1477299888
-1.90767,0.087605,1.18984,1.83933,2,0.249394,-0.087605,-0.489837,-1.65828,0,0.7,1477299888
-1.91176,0.0877361,1.18555,1.83216,2,0.253479,-0.0877361,-0.485545,-1.65828,0,0.7,1477299889
-1.90375,0.0858888,1.18589,1.84699,2,0.245471,-0.0858888,-0.485888,-1.65828,0,0.7,1477299889
-1.89143,0.0826531,1.19006,1.89448,2,0.233154,-0.0826531,-0.49006,-1.65828,0,0.7,1477299889
-1.90374,0.0849945,1.18541,1.8648,2,0.245459,-0.0849945,-0.485412,-1.65828,0,0.7,1477299889
-1.89629,0.0829707,1.18508,1.88364,2,0.238011,-0.0829707,-0.485077,-1.65828,0,0.7,1477299889
-1.89629,0.0829707,1.18508,1.88364,2,0.238011,-0.0829707,-0.485077,-1.65828,0,0.7,1477299889
-1.9182,0.0877705,1.1743,1.80421,2,0.259922,-0.0877705,-0.474304,-1.65828,0,0.7,1477299889
-1.89007,0.0807172,1.17887,1.88845,2,0.231794,-0.0807172,-0.478868,-1.65828,0,0.7,1477299889
-1.91024,0.0850791,1.17422,1.83703,2,0.251964,-0.0850791,-0.474218,-1.65828,0,0.7,1477299889
-1.88998,0.0801306,1.1786,1.90105,2,0.231704,-0.0801306,-0.478602,-1.65828,0,0.7,1477299889
-1.90378,0.0824949,1.16813,1.84762,2,0.245503,-0.0824949,-0.468127,-1.65828,0,0.7,1477299889
-1.90402,0.0825485,1.16804,1.84681,2,0.245739,-0.0825485,-0.468045,-1.65828,0,0.7,1477299889
-1.91338,0.0843671,1.16191,1.80845,2,0.255103,-0.0843671,-0.461908,-1.65828,0,0.7,1477299889
-1.9056,0.0823593,1.16199,1.82927,2,0.247325,-0.0823593,-0.461991,-1.65828,0,0.7,1477299889
-1.89035,0.078397,1.16175,1.87115,2,0.23207,-0.078397,-0.461747,-1.65828,0,0.7,1477299889
-1.89838,0.0801693,1.16145,1.8545,2,0.240099,-0.0801693,-0.461452,-1.65828,0,0.7,1477299889
-1.91501,0.0830878,1.15279,1.80117,2,0.25673,-0.0830878,-0.452786,-1.65828,0,0.7,1477299889
-1.91184,0.0820874,1.15128,1.80708,2,0.253565,-0.0820874,-0.451284,-1.65828,0,0.7,1477299889
-1.91646,0.0822625,1.14662,1.79614,2,0.258184,-0.0822625,-0.446616,-1.65828,0,0.7,1477299889
-1.88698,0.0757955,1.15685,1.90364,2,0.228702,-0.0757955,-0.456846,-1.65828,0,0.7,1477299889
-1.90075,0.0780661,1.14679,1.84704,2,0.242476,-0.0780661,-0.446786,-1.65828,0,0.7,1477299889
-1.90856,0.0794295,1.14648,1.83866,2,0.250284,-0.0794295,-0.446482,-1.65828,0,0.7,1477299890
-1.88862,0.0748313,1.15056,1.90645,2,0.230339,-0.0748313,-0.450563,-1.65828,0,0.7,1477299890
-1.91484,0.0797224,1.13626,1.80211,2,0.25656,-0.0797224,-0.436258,-1.65828,0,0.7,1477299890
-1.9235,0.0818845,1.13103,1.75018,2,0.265223,-0.0818845,-0.43103,-1.65828,0,0.7,1477299890
-1.89915,0.0761907,1.13666,1.84054,2,0.240873,-0.0761907,-0.436657,-1.65828,0,0.7,1477299890
-1.90891,0.0771351,1.13032,1.81822,2,0.250631,-0.0771351,-0.430319,-1.65828,0,0.7,1477299890
-1.91346,0.077283,1.12587,1.80728,2,0.255183,-0.077283,-0.425868,-1.65828,0,0.7,1477299890
-1.90107,0.0744168,1.13011,1.86353,2,0.242793,-0.0744168,-0.430105,-1.65828,0,0.7,1477299890
-1.90894,0.0759965,1.12986,1.8475,2,0.250661,-0.0759965,-0.429861,-1.65828,0,0.7,1477299890
-1.92209,0.0776381,1.12029,1.79902,2,0.26381,-0.0776381,-0.420295,-1.65828,0,0.7,1477299890
-1.91878,0.0768046,1.11645,1.78829,2,0.260503,-0.0768046,-0.416453,-1.65828,0,0.7,1477299890
-1.89953,0.0726223,1.12027,1.85717,2,0.241248,-0.0726223,-0.420269,-1.65828,0,0.7,1477299890
-1.90734,0.0733173,1.11978,1.86444,2,0.249066,-0.0733173,-0.419779,-1.65828,0,0.7,1477299890
-1.90385,0.0719061,1.11581,1.87132,2,0.24557,-0.0719061,-0.415812,-1.65828,0,0.7,1477299890
-1.89145,0.0696738,1.12008,1.91451,2,0.233172,-0.0696738,-0.42008,-1.65828,0,0.7,1477299890
-1.89616,0.0704226,1.11597,1.88743,2,0.237881,-0.0704226,-0.415971,-1.65828,0,0.7,1477299890
-1.90244,0.071008,1.10641,1.83956,2,0.244167,-0.071008,-0.406411,-1.65828,0,0.7,1477299890
-1.898,0.0703245,1.11039,1.86637,2,0.239722,-0.0703245,-0.410391,-1.65828,0,0.7,1477299890
-1.89024,0.0685577,1.11038,1.89134,2,0.231964,-0.0685577,-0.410379,-1.65828,0,0.7,1477299890
-1.90246,0.0704611,1.1062,1.85577,2,0.244182,-0.0704611,-0.406201,-1.65828,0,0.7,1477299890
-1.89464,0.0687031,1.10623,1.88089,2,0.236364,-0.0687031,-0.406234,-1.65828,0,0.7,1477299890
-1.92074,0.0735338,1.09545,1.76681,2,0.262458,-0.0735338,-0.395454,-1.65828,0,0.7,1477299891
-1.90449,0.0703926,1.10062,1.8329,2,0.246214,-0.0703926,-0.400624,-1.65828,0,0.7,1477299891
-1.91334,0.0716042,1.09549,1.79816,2,0.255066,-0.0716042,-0.395486,-1.65828,0,0.7,1477299891
-1.93334,0.0749189,1.08651,1.71596,2,0.275066,-0.0749189,-0.386508,-1.65828,0,0.7,1477299891
-1.9193,0.071225,1.08604,1.77379,2,0.261021,-0.071225,-0.386035,-1.65828,0,0.7,1477299891
-1.90261,0.0675454,1.0912,1.86198,2,0.24433,-0.0675454,-0.391202,-1.65828,0,0.7,1477299891
-1.91449,0.06925,1.08722,1.82767,2,0.25621,-0.06925,-0.387221,-1.65828,0,0.7,1477299891
-1.89728,0.0653442,1.08534,1.87984,2,0.239002,-0.0653442,-0.385338,-1.65828,0,0.7,1477299891
-1.90873,0.0672446,1.08194,1.83841,2,0.250452,-0.0672446,-0.381938,-1.65828,0,0.7,1477299891
-1.91799,0.0684302,1.0766,1.79954,2,0.25971,-0.0684302,-0.3766,-1.65828,0,0.7,1477299891
-1.913,0.0670189,1.07799,1.83816,2,0.254726,-0.0670189,-0.377985,-1.65828,0,0.7,1477299891
-1.90539,0.0654261,1.078,1.86362,2,0.247109,-0.0654261,-0.378001,-1.65828,0,0.7,1477299891
-1.90785,0.0654198,1.07236,1.83576,2,0.249568,-0.0654198,-0.372358,-1.65828,0,0.7,1477299891
-1.91486,0.0666386,1.07275,1.82382,2,0.256581,-0.0666386,-0.372752,-1.65828,0,0.7,1477299891
-1.91145,0.065369,1.0691,1.83045,2,0.253172,-0.065369,-0.369099,-1.65828,0,0.7,1477299891
-1.91335,0.0647267,1.06373,1.82456,2,0.255075,-0.0647267,-0.36373,-1.65828,0,0.7,1477299891
-1.90228,0.0622059,1.06684,1.89709,2,0.244002,-0.0622059,-0.366843,-1.65828,0,0.7,1477299891
-1.90653,0.0627763,1.06319,1.86703,2,0.248253,-0.0627763,-0.363193,-1.65828,0,0.7,1477299891
-1.92224,0.06579,1.05883,1.7863,2,0.263966,-0.06579,-0.358834,-1.65828,0,0.7,1477299891
-1.91535,0.0643765,1.05855,1.80846,2,0.25707,-0.0643765,-0.358546,-1.65828,0,0.7,1477299891
-1.90801,0.0623659,1.05835,1.85454,2,0.249737,-0.0623659,-0.358349,-1.65828,0,0.7,1477299891
-1.90994,0.0622812,1.05325,1.82793,2,0.251663,-0.0622812,-0.353252,-1.65828,0,0.7,1477299892
-1.91407,0.0622787,1.04958,1.81821,2,0.255796,-0.0622787,-0.349577,-1.65828,0,0.7,1477299892
-1.90674,0.0605868,1.04963,1.85642,2,0.248464,-0.0605868,-0.349634,-1.65828,0,0.7,1477299892
-1.91076,0.0610991,1.04617,1.82554,2,0.252486,-0.0610991,-0.346166,-1.65828,0,0.7,1477299892
-1.89972,0.059198,1.0493,1.88129,2,0.241439,-0.059198,-0.349305,-1.65828,0,0.7,1477299892
-1.90942,0.0600881,1.04409,1.84646,2,0.251146,-0.0600881,-0.344087,-1.65828,0,0.7,1477299892
-1.91318,0.0600312,1.04082,1.83999,2,0.254906,-0.0600312,-0.340819,-1.65828,0,0.7,1477299892
-1.89871,0.0572691,1.04047,1.89365,2,0.240431,-0.0572691,-0.340471,-1.65828,0,0.7,1477299892
-1.91864,0.0598399,1.03286,1.80679,2,0.260359,-0.0598399,-0.332857,-1.65828,0,0.7,1477299892
-1.91864,0.0598399,1.03286,1.80679,2,0.260359,-0.0598399,-0.332857,-1.65828,0,0.7,1477299892
-1.90227,0.0572033,1.03742,1.88911,2,0.243993,-0.0572033,-0.337423,-1.65828,0,0.7,1477299892
-1.92072,0.0597737,1.02793,1.77617,2,0.262447,-0.0597737,-0.327928,-1.65828,0,0.7,1477299892
-1.91408,0.0582481,1.02748,1.81112,2,0.255804,-0.0582481,-0.327481,-1.65828,0,0.7,1477299892
-1.91731,0.0586205,1.0246,1.78314,2,0.259031,-0.0586205,-0.324601,-1.65828,0,0.7,1477299892
-1.89942,0.0552976,1.02735,1.88122,2,0.241145,-0.0552976,-0.327347,-1.65828,0,0.7,1477299892
-1.91079,0.0566101,1.02402,1.84304,2,0.252516,-0.0566101,-0.324024,-1.65828,0,0.7,1477299892
-1.91279,0.0565407,1.01922,1.81192,2,0.254511,-0.0565407,-0.319223,-1.65828,0,0.7,1477299892
-1.92343,0.0579719,1.01639,1.76705,2,0.265151,-0.0579719,-0.316385,-1.65828,0,0.7,1477299892
-1.90888,0.0553681,1.01637,1.82467,2,0.250602,-0.0553681,-0.316372,-1.65828,0,0.7,1477299892
-1.9094,0.0551811,1.01604,1.8338,2,0.251118,-0.0551811,-0.316035,-1.65828,0,0.7,1477299892
-1.91485,0.0549976,1.00849,1.79734,2,0.256572,-0.0549976,-0.308489,-1.65828,0,0.7,1477299893
-1.91484,0.0547377,1.00847,1.81091,2,0.256566,-0.0547377,-0.308465,-1.65828,0,0.7,1477299893
-1.90801,0.0537819,1.00818,1.82398,2,0.249729,-0.0537819,-0.308181,-1.65828,0,0.7,1477299893
-1.90766,0.0534839,1.00837,1.84042,2,0.249381,-0.0534839,-0.308373,-1.65828,0,0.7,1477299893
-1.92269,0.0552194,1.00215,1.76065,2,0.264408,-0.0552194,-0.302148,-1.65828,0,0.7,1477299893
-1.92982,0.0551917,0.996116,1.73419,2,0.271542,-0.0551917,-0.296116,-1.65828,0,0.7,1477299893
-1.91385,0.0526326,1.0005,1.84031,2,0.255574,-0.0526326,-0.300502,-1.65828,0,0.7,1477299893
-1.92992,0.054945,0.996184,1.74883,2,0.271641,-0.054945,-0.296184,-1.65828,0,0.7,1477299893
-1.92498,0.0534319,0.991543,1.75605,2,0.2667,-0.0534319,-0.291543,-1.65828,0,0.7,1477299893
-1.93564,0.0544466,0.988539,1.7205,2,0.277366,-0.0544466,-0.288539,-1.65828,0,0.7,1477299893
-1.9187,0.0513287,0.991031,1.84063,2,0.260424,-0.0513287,-0.291031,-1.65828,0,0.7,1477299893
-1.91542,0.0500646,0.987874,1.86515,2,0.257139,-0.0500646,-0.287874,-1.65828,0,0.7,1477299893
-1.91909,0.0501925,0.985022,1.84454,2,0.260813,-0.0501925,-0.285022,-1.65828,0,0.7,1477299893
-1.91763,0.0497777,0.983488,1.84475,2,0.259352,-0.0497777,-0.283488,-1.65828,0,0.7,1477299893
-1.9141,0.0487578,0.98049,1.85553,2,0.255819,-0.0487578,-0.28049,-1.65828,0,0.7,1477299893
-1.9039,0.0470852,0.98297,1.93974,2,0.245626,-0.0470852,-0.28297,-1.65828,0,0.7,1477299893
-1.9039,0.0470852,0.98297,1.93974,2,0.245626,-0.0470852,-0.28297,-1.65828,0,0.7,1477299893
-1.92353,0.0493431,0.976135,1.81733,2,0.265252,-0.0493431,-0.276135,-1.65828,0,0.7,1477299893
-1.91673,0.0482712,0.975887,1.84715,2,0.258449,-0.0482712,-0.275887,-1.65828,0,0.7,1477299893
-1.93589,0.050418,0.96915,1.7271,2,0.277613,-0.050418,-0.26915,-1.65828,0,0.7,1477299893
-1.92556,0.0483641,0.966186,1.7666,2,0.267286,-0.0483641,-0.266186,-1.65828,0,0.7,1477299893
-1.91546,0.0470032,0.968687,1.83617,2,0.257184,-0.0470032,-0.268687,-1.65828,0,0.7,1477299894
-1.92767,0.0480475,0.96188,1.74241,2,0.26939,-0.0480475,-0.26188,-1.65828,0,0.7,1477299894
-1.92804,0.0475884,0.961899,1.77744,2,0.269759,-0.0475884,-0.261899,-1.65828,0,0.7,1477299894
-1.9302,0.0472768,0.957636,1.75289,2,0.271921,-0.0472768,-0.257636,-1.65828,0,0.7,1477299894
-1.91675,0.0452723,0.957245,1.81617,2,0.25847,-0.0452723,-0.257245,-1.65828,0,0.7,1477299894
-1.92398,0.0458282,0.957246,1.8182,2,0.265706,-0.0458282,-0.257246,-1.65828,0,0.7,1477299894
-1.92136,0.0449528,0.956248,1.85607,2,0.263081,-0.0449528,-0.256248,-1.65828,0,0.7,1477299894
-1.9293,0.045557,0.950637,1.77473,2,0.271023,-0.045557,-0.250637,-1.65828,0,0.7,1477299894
-1.91618,0.0431609,0.950144,1.87985,2,0.257898,-0.0431609,-0.250144,-1.65828,0,0.7,1477299894
-1.91945,0.0434485,0.947499,1.83605,2,0.261172,-0.0434485,-0.247499,-1.65828,0,0.7,1477299894
-1.93222,0.0448259,0.946234,1.78377,2,0.273944,-0.0448259,-0.246234,-1.65828,0,0.7,1477299894
-1.92879,0.0439062,0.943495,1.79475,2,0.27051,-0.0439062,-0.243495,-1.65828,0,0.7,1477299894
-1.92338,0.0425778,0.944913,1.89772,2,0.265103,-0.0425778,-0.244913,-1.65828,0,0.7,1477299894
-1.93283,0.0430091,0.940834,1.8562,2,0.274553,-0.0430091,-0.240834,-1.65828,0,0.7,1477299894
-1.92125,0.041343,0.936586,1.85896,2,0.262969,-0.041343,-0.236586,-1.65828,0,0.7,1477299894
-1.92125,0.041343,0.936586,1.85896,2,0.262969,-0.041343,-0.236586,-1.65828,0,0.7,1477299894
-1.91452,0.0404296,0.936329,1.89308,1.9979,0.256242,-0.0404296,-0.236329,-1.65828,0,0.7,1477299894
-1.91768,0.0406925,0.933797,1.84817,2,0.259405,-0.0406925,-0.233797,-1.65828,0,0.7,1477299894
-1.9169,0.0404121,0.932264,1.83973,1.99641,0.258626,-0.0404121,-0.232264,-1.65828,0,0.7,1477299894
-1.93865,0.0421617,0.9239,1.67456,2,0.280369,-0.0421617,-0.2239,-1.65828,0,0.7,1477299894
-1.93225,0.0413048,0.923634,1.70661,2,0.273973,-0.0413048,-0.223634,-1.65828,0,0.7,1477299894
-1.92595,0.0399758,0.923442,1.75326,1.96007,0.267669,-0.0399758,-0.223442,-1.65828,0,0.7,1477299895
-1.92832,0.0397018,0.91949,1.71021,1.94595,0.270045,-0.0397018,-0.21949,-1.65828,0,0.7,1477299895
-1.92873,0.0392539,0.919417,1.73082,1.91723,0.270455,-0.0392539,-0.219417,-1.65828,0,0.7,1477299895
-1.91644,0.0371464,0.920691,1.79983,1.82486,0.258167,-0.0371464,-0.220691,-1.65828,0,0.7,1477299895
-1.9219,0.037118,0.914422,1.72083,1.82014,0.263622,-0.037118,-0.214422,-1.65828,0,0.7,1477299895
-1.93139,0.0374665,0.910626,1.6783,1.82146,0.273113,-0.0374665,-0.210626,-1.65828,0,0.7,1477299895
-1.91297,0.0354391,0.916395,1.79779,1.73898,0.254692,-0.0354391,-0.216395,-1.65828,0,0.7,1477299895
-1.91827,0.0358659,0.910226,1.69757,1.76383,0.259997,-0.0358659,-0.210226,-1.65828,0,0.7,1477299895
-1.91146,0.0352779,0.910008,1.69628,1.74965,0.253177,-0.0352779,-0.210008,-1.65828,0,0.7,1477299895
-1.92325,0.0362666,0.904325,1.59821,1.79127,0.264974,-0.0362666,-0.204325,-1.65828,0,0.7,1477299895
-1.92325,0.0362666,0.904325,1.59821,1.79127,0.264974,-0.0362666,-0.204325,-1.65828,0,0.7,1477299895
-1.93278,0.0372768,0.902193,1.54886,1.83334,0.274504,-0.0372768,-0.202193,-1.65828,0,0.7,1477299895
-1.93462,0.0370036,0.896954,1.47732,1.82978,0.27634,-0.0370036,-0.196954,-1.65828,0,0.7,1477299895
-1.92912,0.0360233,0.898137,1.52617,1.77775,0.27084,-0.0360233,-0.198137,-1.65828,0,0.7,1477299895
-0.475157,3.01418,8.30155,-2,-1.79703,-1.18312,-3.01418,-7.60155,-1.65828,0,0.7,1477299895
-1.94117,0.0358197,0.890784,1.45239,1.75464,0.282895,-0.0358197,-0.190784,-1.65828,0,0.7,1477299895
-1.92264,0.0333787,0.89167,1.52516,1.64366,0.264359,-0.0333787,-0.19167,-1.65828,0,0.7,1477299895
-1.91999,0.0334275,0.893582,1.54582,1.64879,0.261711,-0.0334275,-0.193582,-1.65828,0,0.7,1477299895
-1.93865,0.0341466,0.888329,1.48636,1.6574,0.280368,-0.0341466,-0.188329,-1.65828,0,0.7,1477299895
-1.92989,0.0330507,0.890224,1.54528,1.60156,0.271616,-0.0330507,-0.190224,-1.65828,0,0.7,1477299895
-1.93043,0.0328022,0.891881,1.58974,1.57563,0.272153,-0.0328022,-0.191881,-1.65828,0,0.7,1477299895
-1.92924,0.0320097,0.885897,1.52303,1.54708,0.270964,-0.0320097,-0.185897,-1.65828,0,0.7,1477299896
-1.93551,0.0325137,0.884562,1.49517,1.56798,0.27723,-0.0325137,-0.184562,-1.65828,0,0.7,1477299896
-1.95312,0.0337566,0.879405,1.39889,1.62459,0.294837,-0.0337566,-0.179405,-1.65828,0,0.7,1477299896
-1.93821,0.0324456,0.882593,1.47362,1.56282,0.279935,-0.0324456,-0.182593,-1.65828,0,0.7,1477299896
-1.94007,0.0328448,0.879046,1.39282,1.60319,0.281796,-0.0328448,-0.179046,-1.65828,0,0.7,1477299896
-1.91834,0.0307951,0.882032,1.48073,1.51226,0.260059,-0.0307951,-0.182032,-1.65828,0,0.7,1477299896
-1.9365,0.0320917,0.876769,1.37927,1.5712,0.278225,-0.0320917,-0.176769,-1.65828,0,0.7,1477299896
-1.93048,0.0312069,0.876491,1.40222,1.52681,0.272204,-0.0312069,-0.176491,-1.65828,0,0.7,1477299896
-1.92398,0.0305243,0.87633,1.41436,1.49841,0.265707,-0.0305243,-0.17633,-1.65828,0,0.7,1477299896
-1.94199,0.0315904,0.869562,1.2918,1.55475,0.283711,-0.0315904,-0.169562,-1.65828,0,0.7,1477299896
-1.9364,0.0305165,0.869322,1.33027,1.49207,0.278125,-0.0305165,-0.169322,-1.65828,0,0.7,1477299896
-1.93008,0.0300388,0.870631,1.36008,1.46932,0.271805,-0.0300388,-0.170631,-1.65828,0,0.7,1477299896
-1.9412,0.0307905,0.865501,1.25734,1.51991,0.282923,-0.0307905,-0.165501,-1.65828,0,0.7,1477299896
-1.92905,0.029077,0.865069,1.30894,1.42811,0.270777,-0.029077,-0.165069,-1.65828,0,0.7,1477299896
-1.9225,0.0284262,0.864856,1.32107,1.39978,0.264223,-0.0284262,-0.164856,-1.65828,0,0.7,1477299896
-1.93837,0.0292501,0.861771,1.26886,1.43007,0.280094,-0.0292501,-0.161771,-1.65828,0,0.7,1477299896
-1.93262,0.0281447,0.863217,1.34605,1.35135,0.274339,-0.0281447,-0.163217,-1.65828,0,0.7,1477299896
-1.94794,0.0293519,0.860047,1.26449,1.41691,0.289665,-0.0293519,-0.160047,-1.65828,0,0.7,1477299896
-1.94992,0.0295123,0.856645,1.19243,1.44668,0.291638,-0.0295123,-0.156645,-1.65828,0,0.7,1477299896
-1.94357,0.0289642,0.854988,1.16966,1.43448,0.28529,-0.0289642,-0.154988,-1.65828,0,0.7,1477299896
-1.95228,0.0294625,0.853266,1.13423,1.45937,0.294001,-0.0294625,-0.153266,-1.65828,0,0.7,1477299897
-1.9338,0.0273818,0.85438,1.22569,1.33907,0.275524,-0.0273818,-0.15438,-1.65828,0,0.7,1477299897
-1.94117,0.0271875,0.853076,1.24036,1.30607,0.282888,-0.0271875,-0.153076,-1.65828,0,0.7,1477299897
-1.93815,0.026088,0.850953,1.26159,1.23585,0.279871,-0.026088,-0.150953,-1.65828,0,0.7,1477299897
-1.95316,0.0271843,0.847918,1.17878,1.30246,0.294886,-0.0271843,-0.147918,-1.65828,0,0.7,1477299897
-1.93205,0.0253081,0.85092,1.29279,1.18885,0.273771,-0.0253081,-0.15092,-1.65828,0,0.7,1477299897
-1.93658,0.0255958,0.845702,1.18204,1.23528,0.278301,-0.0255958,-0.145702,-1.65828,0,0.7,1477299897
-1.93658,0.0255958,0.845702,1.18204,1.23528,0.278301,-0.0255958,-0.145702,-1.65828,0,0.7,1477299897
-1.91834,0.0247701,0.850465,1.2702,1.19253,0.260058,-0.0247701,-0.150465,-1.65828,0,0.7,1477299897
-1.95339,0.0269986,0.841,1.04235,1.34231,0.295113,-0.0269986,-0.141,-1.65828,0,0.7,1477299897
-1.93873,0.025996,0.842303,1.08831,1.2905,0.280456,-0.025996,-0.142303,-1.65828,0,0.7,1477299897
-1.94078,0.0263203,0.840462,1.03182,1.32827,0.282507,-0.0263203,-0.140462,-1.65828,0,0.7,1477299897
-1.94126,0.0258985,0.840655,1.06907,1.28667,0.282986,-0.0258985,-0.140655,-1.65828,0,0.7,1477299897
-1.9447,0.0252232,0.837353,1.05958,1.24099,0.28642,-0.0252232,-0.137353,-1.65828,0,0.7,1477299897
-1.94811,0.0245376,0.834076,1.05163,1.19381,0.289836,-0.0245376,-0.134076,-1.65828,0,0.7,1477299897
-1.93966,0.0238404,0.837141,1.14221,1.1296,0.281387,-0.0238404,-0.13714,-1.65828,0,0.7,1477299897
-1.94878,0.0241112,0.834072,1.08748,1.15052,0.290504,-0.0241112,-0.134072,-1.65828,0,0.7,1477299897
-1.94445,0.0239048,0.832096,1.04275,1.16351,0.286175,-0.0239048,-0.132096,-1.65828,0,0.7,1477299897
-1.95325,0.0243863,0.829031,0.966315,1.21019,0.294975,-0.0243863,-0.129031,-1.65828,0,0.7,1477299897
-1.96182,0.0245376,0.827631,0.95328,1.21043,0.303546,-0.0245376,-0.127631,-1.65828,0,0.7,1477299897
-1.94766,0.023669,0.828787,0.997532,1.16093,0.289386,-0.023669,-0.128787,-1.65828,0,0.7,1477299897
-1.9505,0.023111,0.827245,1.01807,1.11059,0.292227,-0.023111,-0.127245,-1.65828,0,0.7,1477299898
-1.94529,0.0222072,0.827034,1.0692,1.03888,0.287011,-0.0222072,-0.127034,-1.65828,0,0.7,1477299898
-1.93696,0.0216266,0.828528,1.12093,0.994888,0.278683,-0.0216266,-0.128528,-1.65828,0,0.7,1477299898
-1.93109,0.0211571,0.828265,1.13289,0.969881,0.272815,-0.0211571,-0.128265,-1.65828,0,0.7,1477299898
-1.95651,0.0222942,0.822525,0.997677,1.05457,0.29823,-0.0222942,-0.122525,-1.65828,0,0.7,1477299898
-1.95651,0.0222942,0.822525,0.997677,1.05457,0.29823,-0.0222942,-0.122525,-1.65828,0,0.7,1477299898
-1.27765,1.29862,13.9572,1.92634,2,-0.380632,-1.29862,-13.2572,-1.65828,0,0.7,1477299898
-1.95148,0.0226159,0.819194,0.86888,1.14262,0.293199,-0.0226159,-0.119194,-1.65828,0,0.7,1477299898
-1.95148,0.0226159,0.819194,0.86888,1.14262,0.293199,-0.0226159,-0.119194,-1.65828,0,0.7,1477299898
-1.93904,0.0218551,0.818749,0.878118,1.10981,0.280757,-0.0218551,-0.118749,-1.65828,0,0.7,1477299898
-1.9477,0.0220067,0.817487,0.865714,1.11065,0.289422,-0.0220067,-0.117487,-1.65828,0,0.7,1477299898
-1.94283,0.0209167,0.817265,0.940578,1.01216,0.284547,-0.0209167,-0.117265,-1.65828,0,0.7,1477299898
-1.952,0.0209094,0.814412,0.904327,1.01242,0.293719,-0.0209094,-0.114412,-1.65828,0,0.7,1477299898
-1.92562,0.0189394,0.816528,1.04298,0.861532,0.267341,-0.0189394,-0.116528,-1.65828,0,0.7,1477299898
-1.94887,0.0199006,0.812769,0.946263,0.929303,0.290589,-0.0199006,-0.112769,-1.65828,0,0.7,1477299898
-1.95113,0.0200653,0.809678,0.859377,0.978188,0.292857,-0.0200653,-0.109678,-1.65828,0,0.7,1477299898
-1.9429,0.0194555,0.812464,0.959157,0.90292,0.28462,-0.0194555,-0.112464,-1.65828,0,0.7,1477299898
-1.95113,0.0200653,0.809678,0.859377,0.978188,0.292857,-0.0200653,-0.109678,-1.65828,0,0.7,1477299898
-1.96554,0.0208925,0.806943,0.759467,1.06086,0.30726,-0.0208925,-0.106943,-1.65828,0,0.7,1477299898
-1.95947,0.0206734,0.806675,0.750687,1.05995,0.301188,-0.0206734,-0.106675,-1.65828,0,0.7,1477299898
-1.95317,0.0204476,0.806518,0.7449,1.05742,0.294894,-0.0204476,-0.106518,-1.65828,0,0.7,1477299898
-1.94217,0.0193868,0.805991,0.795311,0.977908,0.283894,-0.0193868,-0.105991,-1.65828,0,0.7,1477299899
-1.95908,0.0196249,0.801952,0.722845,1.00509,0.300798,-0.0196249,-0.101952,-1.65828,0,0.7,1477299899
-1.96241,0.0188361,0.800581,0.778969,0.917114,0.304137,-0.0188361,-0.100581,-1.65828,0,0.7,1477299899
-1.95307,0.0177773,0.805016,0.976107,0.757346,0.294793,-0.0177773,-0.105016,-1.65828,0,0.7,1477299899
-1.95214,0.017187,0.800243,0.909311,0.74929,0.293859,-0.017187,-0.100243,-1.65828,0,0.7,1477299899
-1.95122,0.0167143,0.801808,0.999399,0.671,0.292945,-0.0167143,-0.101808,-1.65828,0,0.7,1477299899
-1.95876,0.0174663,0.799052,0.870492,0.778682,0.300479,-0.0174663,-0.0990518,-1.65828,0,0.7,1477299899
-1.95363,0.0177639,0.797202,0.766285,0.862528,0.295351,-0.0177639,-0.0972017,-1.65828,0,0.7,1477299899
-1.9608,0.0184335,0.796017,0.684376,0.942601,0.302518,-0.0184335,-0.0960169,-1.65828,0,0.7,1477299899
-1.96004,0.0188571,0.795986,0.634206,0.999754,0.301761,-0.0188571,-0.0959864,-1.65828,0,0.7,1477299899
-1.96004,0.0188571,0.795986,0.634206,0.999754,0.301761,-0.0188571,-0.0959864,-1.65828,0,0.7,1477299899
-1.9483,0.0180431,0.795585,0.668233,0.942295,0.290024,-0.0180431,-0.0955853,-1.65828,0,0.7,1477299899
-1.96367,0.018162,0.79308,0.637041,0.946338,0.305393,-0.018162,-0.09308,-1.65828,0,0.7,1477299899
-1.95721,0.0170822,0.7945,0.778542,0.802363,0.298933,-0.0170822,-0.0944997,-1.65828,0,0.7,1477299899
-1.9623,0.0163459,0.79166,0.800224,0.729998,0.304026,-0.0163459,-0.0916598,-1.65828,0,0.7,1477299899
-1.96393,0.0154919,0.791745,0.911406,0.603647,0.305656,-0.0154919,-0.0917446,-1.65828,0,0.7,1477299899
-1.96693,0.0152149,0.788839,0.871743,0.599914,0.308655,-0.0152149,-0.0888393,-1.65828,0,0.7,1477299899
-1.96055,0.0150746,0.788665,0.860591,0.605194,0.302272,-0.0150746,-0.0886646,-1.65828,0,0.7,1477299899
-1.95251,0.015101,0.789883,0.863409,0.618017,0.294237,-0.015101,-0.0898832,-1.65828,0,0.7,1477299899
-1.95011,0.0163387,0.789776,0.699238,0.803123,0.29183,-0.0163387,-0.0897764,-1.65828,0,0.7,1477299899
-1.94211,0.0166596,0.790852,0.663421,0.857221,0.283829,-0.0166596,-0.0908517,-1.65828,0,0.7,1477299900
-1.94902,0.017817,0.78814,0.466767,1.03867,0.290746,-0.017817,-0.0881401,-1.65828,0,0.7,1477299900
-1.9568,0.0180636,0.787032,0.430576,1.0667,0.298526,-0.0180636,-0.0870321,-1.65828,0,0.7,1477299900
-1.96575,0.018201,0.784202,0.35229,1.11214,0.307473,-0.018201,-0.0842022,-1.65828,0,0.7,1477299900
-1.96091,0.0171806,0.784247,0.459267,0.986268,0.302631,-0.0171806,-0.084247,-1.65828,0,0.7,1477299900
-1.97233,0.0160119,0.781563,0.558573,0.83298,0.314054,-0.0160119,-0.0815633,-1.65828,0,0.7,1477299900
-1.96942,0.0141603,0.781605,0.795799,0.559975,0.311141,-0.0141603,-0.0816048,-1.65828,0,0.7,1477299900
-1.96706,0.0123411,0.781476,1.03546,0.281412,0.308784,-0.0123411,-0.0814757,-1.65828,0,0.7,1477299900
-1.95634,0.0113092,0.781104,1.13233,0.158514,0.298064,-0.0113092,-0.0811035,-1.65828,0,0.7,1477299900
-1.98365,0.0122563,0.777956,1.00143,0.268192,0.325372,-0.0122563,-0.0779556,-1.65828,0,0.7,1477299900
-1.96706,0.0123411,0.781476,1.03546,0.281412,0.308784,-0.0123411,-0.0814757,-1.65828,0,0.7,1477299900
-1.97059,0.0156394,0.777146,0.446834,0.878064,0.312313,-0.0156394,-0.077146,-1.65828,0,0.7,1477299900
-1.96904,0.0173875,0.775663,0.155397,1.17933,0.310758,-0.0173875,-0.0756628,-1.65828,0,0.7,1477299900
-1.96598,0.0190666,0.775526,-0.0681179,1.42623,0.307697,-0.0190666,-0.0755257,-1.65828,0,0.7,1477299900
-1.95977,0.0180011,0.776873,0.0898431,1.2674,0.301487,-0.0180011,-0.0768735,-1.65828,0,0.7,1477299900
-1.96129,0.0171737,0.776943,0.202394,1.14315,0.303012,-0.0171737,-0.0769427,-1.65828,0,0.7,1477299900
-1.9519,0.0140341,0.779572,0.682595,0.641201,0.293624,-0.0140341,-0.0795717,-1.65828,0,0.7,1477299900
