0.184392,0.118123,1.89854,-2,-1.58328,-0.184392,-0.118123,-1.19854,-0,0,0.7,1477299936
-1.38661,0.0220072,1.90209,1.94273,2,-0.27167,-0.0220072,-1.20209,-1.65828,0,0.7,1477299936
-1.56432,0.000764284,1.91791,2,1.71315,-0.093959,-0.000764284,-1.21791,-1.65828,0,0.7,1477299936
-1.46071,0.0127042,1.91881,2,1.90651,-0.197568,-0.0127042,-1.21881,-1.65828,0,0.7,1477299936
-1.38675,0.0211765,1.90181,1.94634,2,-0.27153,-0.0211765,-1.20181,-1.65828,0,0.7,1477299936
-1.40657,0.0175368,1.8982,1.9914,2,-0.251709,-0.0175368,-1.1982,-1.65828,0,0.7,1477299936
-1.75195,-0.0185213,1.91663,2,1.37956,0.0936768,0.0185213,-1.21663,-1.65828,0,0.7,1477299936
-1.8871,0.0780196,9.86009,2,1.873,0.228819,-0.0780196,-9.16009,-1.65828,0,0.7,1477299936
-1.51619,0.00561035,1.92189,2,1.79969,-0.142086,-0.00561035,-1.22189,-1.65828,0,0.7,1477299936
-1.45013,0.0108452,1.89933,2,1.91453,-0.208148,-0.0108452,-1.19933,-1.65828,0,0.7,1477299936
-1.55047,0.0016615,1.90653,2,1.7338,-0.107809,-0.0016615,-1.20653,-1.65828,0,0.7,1477299936
-1.4509,0.00971343,1.89924,2,1.90893,-0.207381,-0.00971343,-1.19924,-1.65828,0,0.7,1477299937
-1.50897,0.0050671,1.90766,2,1.80629,-0.149312,-0.0050671,-1.20766,-1.65828,0,0.7,1477299937
-1.4502,0.00959171,1.89914,2,1.9095,-0.20808,-0.00959171,-1.19914,-1.65828,0,0.7,1477299937
-1.83558,-0.0192596,1.88777,2,1.23426,0.177299,0.0192596,-1.18777,-1.65828,0,0.7,1477299937
-1.45022,0.00869734,1.89881,2,1.90596,-0.208059,-0.00869734,-1.19881,-1.65828,0,0.7,1477299937
-1.73601,-0.0105334,1.89593,2,1.4201,0.0777356,0.0105334,-1.19593,-1.65828,0,0.7,1477299937
-1.50475,0.00406297,1.87349,2,1.80405,-0.153526,-0.00406297,-1.17349,-1.65828,0,0.7,1477299937
-1.75376,-0.010214,1.88194,2,1.3884,0.0954866,0.010214,-1.18194,-1.65828,0,0.7,1477299937
-1.45383,0.00592983,1.87171,2,1.888,-0.204446,-0.00592983,-1.17171,-1.65828,0,0.7,1477299937
-1.47325,0.00410537,1.8815,2,1.85233,-0.185025,-0.00410537,-1.1815,-1.65828,0,0.7,1477299937
-1.56907,6.03181e-05,1.8803,2,1.69537,-0.0892043,-6.03181e-05,-1.1803,-1.65828,0,0.7,1477299937
-1.42001,0.00448117,1.8745,2,1.93398,-0.238267,-0.00448117,-1.1745,-1.65828,0,0.7,1477299937
-1.66349,-0.00237293,1.87624,2,1.54716,0.00521689,0.00237293,-1.17624,-1.65828,0,0.7,1477299937
-1.65968,-0.00188609,1.87607,2,1.55442,0.00140717,0.00188609,-1.17607,-1.65828,0,0.7,1477299937
-1.75664,-0.00285584,1.85875,2,1.3997,0.0983585,0.00285584,-1.15875,-1.65828,0,0.7,1477299937
-1.69182,-0.00156909,1.87248,2,1.50688,0.0335373,0.00156909,-1.17248,-1.65828,0,0.7,1477299937
-1.7196,-0.00070235,1.85609,2,1.46227,0.0613186,0.00070235,-1.15609,-1.65828,0,0.7,1477299937
-1.55712,-2.27852e-05,1.87205,2,1.71075,-0.10116,2.27852e-05,-1.17205,-1.65828,0,0.7,1477299937
-1.74417,0.00233569,1.85775,2,1.43716,0.0858883,-0.00233569,-1.15775,-1.65828,0,0.7,1477299937
-1.66982,0.00215916,1.85625,2,1.54727,0.0115448,-0.00215916,-1.15625,-1.65828,0,0.7,1477299937
-1.60392,0.000858441,1.86061,2,1.64186,-0.0543586,-0.000858441,-1.16061,-1.65828,0,0.7,1477299938
-1.73832,0.0051583,1.85735,2,1.45624,0.0800392,-0.0051583,-1.15735,-1.65828,0,0.7,1477299938
-1.75203,0.00712209,1.84712,2,1.43895,0.0937497,-0.00712209,-1.14712,-1.65828,0,0.7,1477299938
-1.67045,0.0044763,1.85258,2,1.5537,0.0121686,-0.0044763,-1.15258,-1.65828,0,0.7,1477299938
-1.45451,-0.00576676,1.85558,2,1.83888,-0.203764,0.00576676,-1.15558,-1.65828,0,0.7,1477299938
-1.74611,0.0106639,1.84717,2,1.46143,0.0878349,-0.0106639,-1.14717,-1.65828,0,0.7,1477299938
-1.66762,0.00656258,1.84562,2,1.56355,0.00934202,-0.00656258,-1.14562,-1.65828,0,0.7,1477299938
-1.4436,-0.00887761,1.85664,2,1.84336,-0.214675,0.00887761,-1.15664,-1.65828,0,0.7,1477299938
-1.6672,0.00792295,1.84593,2,1.56944,0.00892654,-0.00792295,-1.14593,-1.65828,0,0.7,1477299938
-1.70656,0.0120526,1.84687,2,1.52629,0.0482812,-0.0120526,-1.14687,-1.65828,0,0.7,1477299938
-1.72462,0.0140854,1.83045,2,1.50147,0.0663389,-0.0140854,-1.13045,-1.65828,0,0.7,1477299938
-1.62785,0.00545512,1.84349,2,1.61854,-0.030423,-0.00545512,-1.14349,-1.65828,0,0.7,1477299938
-1.72349,0.0157207,1.83063,2,1.50974,0.0652102,-0.0157207,-1.13063,-1.65828,0,0.7,1477299938
-1.76528,0.0208809,1.82159,2,1.4637,0.107002,-0.0208809,-1.12159,-1.65828,0,0.7,1477299938
-1.75912,0.0216235,1.81667,2,1.47459,0.100842,-0.0216235,-1.11667,-1.65828,0,0.7,1477299938
-1.69768,0.0156647,1.82901,2,1.54835,0.0394051,-0.0156647,-1.12901,-1.65828,0,0.7,1477299938
-1.66156,0.0119124,1.82909,2,1.58852,0.00328636,-0.0119124,-1.12909,-1.65828,0,0.7,1477299938
-1.68855,0.016397,1.83153,2,1.56592,0.0302727,-0.016397,-1.13153,-1.65828,0,0.7,1477299938
-1.67141,0.0142931,1.82213,2,1.58103,0.0131295,-0.0142931,-1.12213,-1.65828,0,0.7,1477299938
-1.76944,0.0299143,1.80818,2,1.49095,0.111165,-0.0299143,-1.10818,-1.65828,0,0.7,1477299938
-1.70767,0.0218615,1.82244,2,1.55629,0.0493969,-0.0218615,-1.12244,-1.65828,0,0.7,1477299938
-1.70889,0.0230323,1.82277,2,1.55932,0.0506124,-0.0230323,-1.12277,-1.65828,0,0.7,1477299939
-1.74936,0.0309952,1.80715,2,1.52639,0.0910776,-0.0309952,-1.10715,-1.65828,0,0.7,1477299939
-1.72183,0.0269841,1.80816,2,1.55215,0.0635473,-0.0269841,-1.10816,-1.65828,0,0.7,1477299939
-1.70971,0.0259293,1.82452,2,1.57046,0.0514347,-0.0259293,-1.12452,-1.65828,0,0.7,1477299939
-1.72264,0.029473,1.8092,2,1.56176,0.0643664,-0.029473,-1.1092,-1.65828,0,0.7,1477299939
-1.72339,0.0309003,1.80982,2,1.56687,0.0651081,-0.0309003,-1.10982,-1.65828,0,0.7,1477299939
-1.71376,0.0296864,1.79981,2,1.57433,0.055487,-0.0296864,-1.09981,-1.65828,0,0.7,1477299939
-1.72482,0.0333482,1.81095,2,1.57543,0.0665373,-0.0333482,-1.11094,-1.65828,0,0.7,1477299939
-1.64622,0.0167464,1.82026,2,1.62925,-0.0120542,-0.0167464,-1.12026,-1.65828,0,0.7,1477299939
-1.71691,0.0331879,1.80138,2,1.58506,0.0586318,-0.0331879,-1.10138,-1.65828,0,0.7,1477299939
-1.70845,0.0319942,1.81002,2,1.59481,0.0501713,-0.0319942,-1.11002,-1.65828,0,0.7,1477299939
-1.78979,0.0519291,1.78787,2,1.55332,0.13151,-0.0519291,-1.08787,-1.65828,0,0.7,1477299939
-1.72036,0.0368852,1.80316,2,1.5963,0.0620786,-0.0368852,-1.10316,-1.65828,0,0.7,1477299939
-1.70325,0.0334632,1.80127,2,1.60763,0.0449769,-0.0334632,-1.10127,-1.65828,0,0.7,1477299939
-1.77995,0.0535532,1.78183,2,1.57566,0.12167,-0.0535532,-1.08183,-1.65828,0,0.7,1477299939
-1.78037,0.0548088,1.78238,2,1.58101,0.12209,-0.0548088,-1.08238,-1.65828,0,0.7,1477299939
-1.78082,0.0560774,1.78295,2,1.58638,0.122542,-0.0560774,-1.08295,-1.65828,0,0.7,1477299939
-1.72469,0.0422525,1.80679,2,1.61392,0.0664112,-0.0422525,-1.10679,-1.65828,0,0.7,1477299939
-1.76564,0.054823,1.78316,2,1.60448,0.107364,-0.054823,-1.08316,-1.65828,0,0.7,1477299939
-1.76601,0.0554599,1.78347,2,1.60695,0.107729,-0.0554599,-1.08347,-1.65828,0,0.7,1477299939
-1.80617,0.0683022,1.7706,2,1.60486,0.147891,-0.0683022,-1.0706,-1.65828,0,0.7,1477299939
-1.77873,0.0614662,1.78089,2,1.61537,0.120455,-0.0614662,-1.08089,-1.65828,0,0.7,1477299940
-1.78848,0.0648891,1.77259,2,1.61625,0.130201,-0.0648891,-1.07259,-1.65828,0,0.7,1477299940
-1.78875,0.0655631,1.77293,2,1.61914,0.130476,-0.0655631,-1.07293,-1.65828,0,0.7,1477299940
-1.77967,0.064406,1.77735,2,1.62805,0.121393,-0.064406,-1.07735,-1.65828,0,0.7,1477299940
-1.77762,0.0676797,1.775,2,1.64744,0.119346,-0.0676797,-1.075,-1.65828,0,0.7,1477299940
-1.77803,0.0683757,1.77538,2,1.65023,0.119755,-0.0683757,-1.07538,-1.65828,0,0.7,1477299940
-1.77887,0.0697791,1.77615,2,1.65584,0.120588,-0.0697791,-1.07615,-1.65828,0,0.7,1477299940
-1.78885,0.0738987,1.76784,2,1.6608,0.130576,-0.0738987,-1.06784,-1.65828,0,0.7,1477299940
-1.79013,0.0758001,1.76861,2,1.66833,0.131856,-0.0758001,-1.06861,-1.65828,0,0.7,1477299940
-1.76687,0.0685396,1.77692,2,1.66897,0.10859,-0.0685396,-1.07692,-1.65828,0,0.7,1477299940
-1.81117,0.0845448,1.75539,2,1.68085,0.152895,-0.0845448,-1.05539,-1.65828,0,0.7,1477299940
-1.81184,0.0860651,1.7562,2,1.68765,0.15356,-0.0860651,-1.0562,-1.65828,0,0.7,1477299940
-1.78029,0.0770495,1.77074,2,1.69045,0.122014,-0.0770495,-1.07074,-1.65828,0,0.7,1477299940
-1.78038,0.0782286,1.77192,2,1.69619,0.122104,-0.0782286,-1.07192,-1.65828,0,0.7,1477299940
-1.80146,0.0868341,1.75826,2,1.70835,0.143182,-0.0868341,-1.05826,-1.65828,0,0.7,1477299940
-1.76897,0.0756743,1.77168,2,1.70178,0.110691,-0.0756743,-1.07168,-1.65828,0,0.7,1477299940
-1.81114,0.0915448,1.74999,2,1.71918,0.15286,-0.0915448,-1.04999,-1.65828,0,0.7,1477299940
-1.84134,0.103687,1.73767,2,1.73889,0.183063,-0.103687,-1.03767,-1.65828,0,0.7,1477299940
-1.84433,0.10575,1.73597,2,1.74595,0.186053,-0.10575,-1.03597,-1.65828,0,0.7,1477299940
-1.83087,0.102256,1.73842,2,1.74813,0.172597,-0.102256,-1.03842,-1.65828,0,0.7,1477299940
-1.83134,0.103453,1.73885,2,1.75386,0.173067,-0.103453,-1.03885,-1.65828,0,0.7,1477299941
-1.80079,0.093038,1.75456,2,1.74328,0.142511,-0.093038,-1.05456,-1.65828,0,0.7,1477299941
-1.81857,0.100648,1.7416,2,1.75879,0.160295,-0.100648,-1.0416,-1.65828,0,0.7,1477299941
-1.81873,0.101026,1.74162,2,1.76061,0.160452,-0.101026,-1.04162,-1.65828,0,0.7,1477299941
-1.81943,0.102301,1.74253,2,1.76621,0.161147,-0.102301,-1.04253,-1.65828,0,0.7,1477299941
-1.82029,0.103967,1.74348,2,1.77368,0.162013,-0.103967,-1.04348,-1.65828,0,0.7,1477299941
-1.82117,0.105648,1.74444,2,1.78118,0.16289,-0.105648,-1.04444,-1.65828,0,0.7,1477299941
-1.82115,0.106324,1.74524,2,1.78466,0.162877,-0.106324,-1.04524,-1.65828,0,0.7,1477299941
-1.79673,0.0969542,1.7458,2,1.77381,0.138452,-0.0969542,-1.0458,-1.65828,0,0.7,1477299941
-1.83828,0.114649,1.73246,2,1.80771,0.180004,-0.114649,-1.03246,-1.65828,0,0.7,1477299941
-1.8316,0.112794,1.73727,2,1.8064,0.173327,-0.112794,-1.03727,-1.65828,0,0.7,1477299941
-1.82073,0.108926,1.73714,2,1.80309,0.162448,-0.108926,-1.03714,-1.65828,0,0.7,1477299941
-1.81137,0.106199,1.74862,2,1.79919,0.153091,-0.106199,-1.04862,-1.65828,0,0.7,1477299941
-1.85507,0.123714,1.71615,2,1.83969,0.196789,-0.123714,-1.01615,-1.65828,0,0.7,1477299941
-1.83712,0.117466,1.72515,2,1.82938,0.178841,-0.117466,-1.02515,-1.65828,0,0.7,1477299941
-1.83603,0.118148,1.72766,2,1.83392,0.177756,-0.118148,-1.02766,-1.65828,0,0.7,1477299941
-1.83838,0.1201,1.72667,2,1.84167,0.180107,-0.1201,-1.02667,-1.65828,0,0.7,1477299941
-1.84636,0.123677,1.71809,2,1.85346,0.188082,-0.123677,-1.01809,-1.65828,0,0.7,1477299941
-1.82624,0.115642,1.72856,2,1.83588,0.167964,-0.115642,-1.02856,-1.65828,0,0.7,1477299941
-1.82076,0.113377,1.73139,2,1.83093,0.162482,-0.113377,-1.03139,-1.65828,0,0.7,1477299941
-1.82672,0.116523,1.72908,2,1.83988,0.168447,-0.116523,-1.02908,-1.65828,0,0.7,1477299941
-1.8351,0.120307,1.72025,2,1.85204,0.17682,-0.120307,-1.02025,-1.65828,0,0.7,1477299942
-1.83756,0.122318,1.71928,2,1.86013,0.179279,-0.122318,-1.01928,-1.65828,0,0.7,1477299942
-1.82288,0.116947,1.73343,2,1.84678,0.164598,-0.116947,-1.03343,-1.65828,0,0.7,1477299942
-1.81845,0.115816,1.73084,2,1.84924,0.160175,-0.115816,-1.03084,-1.65828,0,0.7,1477299942
-1.85162,0.131363,1.71003,2,1.89493,0.19334,-0.131363,-1.01003,-1.65828,0,0.7,1477299942
-1.84684,0.129366,1.71269,2,1.88966,0.188566,-0.129366,-1.01269,-1.65828,0,0.7,1477299942
-1.84189,0.127354,1.70975,2,1.8883,0.18361,-0.127354,-1.00975,-1.65828,0,0.7,1477299942
-1.85284,0.13337,1.71109,2,1.90407,0.19456,-0.13337,-1.01109,-1.65828,0,0.7,1477299942
-1.82861,0.123517,1.72455,2,1.87979,0.170327,-0.123517,-1.02455,-1.65828,0,0.7,1477299942
-1.83154,0.124822,1.7126,2,1.88965,0.173264,-0.124822,-1.0126,-1.65828,0,0.7,1477299942
-1.83154,0.124822,1.7126,2,1.88965,0.173264,-0.124822,-1.0126,-1.65828,0,0.7,1477299942
-1.85038,0.13307,1.70251,2,1.91271,0.192102,-0.13307,-1.00251,-1.65828,0,0.7,1477299942
-1.88022,0.145314,1.68105,2,1.95159,0.221938,-0.145314,-0.981049,-1.65828,0,0.7,1477299942
-1.86469,0.140145,1.69028,2,1.9398,0.206413,-0.140145,-0.990284,-1.65828,0,0.7,1477299942
-1.85401,0.13613,1.69214,2,1.9328,0.195732,-0.13613,-0.992144,-1.65828,0,0.7,1477299942
-1.87181,0.143857,1.68225,2,1.95679,0.213533,-0.143857,-0.98225,-1.65828,0,0.7,1477299942
-1.85391,0.136448,1.69247,2,1.9347,0.195632,-0.136448,-0.992466,-1.65828,0,0.7,1477299942
-1.83924,0.129109,1.69381,2,1.91472,0.180962,-0.129109,-0.993806,-1.65828,0,0.7,1477299942
-1.87112,0.144392,1.68403,2,1.95987,0.212839,-0.144392,-0.984033,-1.65828,0,0.7,1477299942
-1.85489,0.137979,1.69322,2,1.94184,0.19661,-0.137979,-0.993215,-1.65828,0,0.7,1477299942
-1.85236,0.136159,1.68361,2,1.94283,0.194087,-0.136159,-0.983609,-1.65828,0,0.7,1477299942
-1.8448,0.133635,1.69309,2,1.93333,0.186519,-0.133635,-0.993095,-1.65828,0,0.7,1477299943
-2.66883,2.17288,5.61293,2,1.96122,1.01056,-2.17288,-4.91293,-1.65828,0,0.7,1477299943
-1.87028,0.145134,1.67483,2,1.97438,0.212005,-0.145134,-0.974828,-1.65828,0,0.7,1477299943
-1.84292,0.132833,1.6842,2,1.93869,0.184645,-0.132833,-0.984197,-1.65828,0,0.7,1477299943
-1.87237,0.146049,1.66397,2,1.98667,0.214088,-0.146049,-0.963966,-1.65828,0,0.7,1477299943
-1.86646,0.144705,1.67296,2,1.98051,0.208179,-0.144705,-0.972962,-1.65828,0,0.7,1477299943
-1.85086,0.137335,1.67658,2,1.95903,0.192585,-0.137335,-0.976581,-1.65828,0,0.7,1477299943
-1.85577,0.139841,1.67429,2,1.968,0.19749,-0.139841,-0.974295,-1.65828,0,0.7,1477299943
-1.87436,0.146893,1.653,2,1.99937,0.216084,-0.146893,-0.953,-1.65828,0,0.7,1477299943
-1.8774,0.149711,1.66241,1.99743,2,0.219121,-0.149711,-0.962408,-1.65828,0,0.7,1477299943
-1.87514,0.148757,1.65406,1.99084,2,0.216863,-0.148757,-0.954057,-1.65828,0,0.7,1477299943
-1.85408,0.139469,1.66586,2,1.97641,0.195799,-0.139469,-0.965856,-1.65828,0,0.7,1477299943
-1.86613,0.144207,1.65339,2,1.99683,0.207854,-0.144207,-0.953391,-1.65828,0,0.7,1477299943
-1.87494,0.149051,1.65455,1.98904,2,0.21666,-0.149051,-0.954554,-1.65828,0,0.7,1477299943
-1.87494,0.149051,1.65455,1.98904,2,0.21666,-0.149051,-0.954554,-1.65828,0,0.7,1477299943
-1.8587,0.142217,1.66409,2,1.98736,0.200419,-0.142217,-0.964092,-1.65828,0,0.7,1477299943
-1.85582,0.139868,1.65481,2,1.98616,0.197541,-0.139868,-0.954811,-1.65828,0,0.7,1477299943
-1.87274,0.146956,1.64491,1.98869,2,0.214458,-0.146956,-0.944914,-1.65828,0,0.7,1477299943
-1.89469,0.157116,1.63229,1.94937,2,0.236408,-0.157116,-0.932294,-1.65828,0,0.7,1477299943
-1.8847,0.152684,1.63369,1.96118,2,0.226427,-0.152684,-0.933685,-1.65828,0,0.7,1477299943
-1.86403,0.143669,1.64536,1.99454,2,0.205754,-0.143669,-0.945363,-1.65828,0,0.7,1477299943
-1.8847,0.152684,1.63369,1.96118,2,0.226427,-0.152684,-0.933685,-1.65828,0,0.7,1477299944
-1.87445,0.147698,1.63455,1.97588,2,0.216169,-0.147698,-0.93455,-1.65828,0,0.7,1477299944
-1.85804,0.140826,1.64393,2,1.99916,0.199767,-0.140826,-0.943935,-1.65828,0,0.7,1477299944
-1.85292,0.138244,1.64639,2,1.98898,0.194644,-0.138244,-0.946387,-1.65828,0,0.7,1477299944
-1.86415,0.142678,1.6353,1.99102,2,0.205871,-0.142678,-0.935298,-1.65828,0,0.7,1477299944
-1.8662,0.144591,1.63451,1.98102,2,0.20792,-0.144591,-0.934511,-1.65828,0,0.7,1477299944
-1.88113,0.151231,1.62692,1.95642,2,0.222857,-0.151231,-0.92692,-1.65828,0,0.7,1477299944
-1.87221,0.146754,1.62649,1.96909,2,0.213931,-0.146754,-0.926486,-1.65828,0,0.7,1477299944
-1.89194,0.155242,1.61509,1.93639,2,0.233661,-0.155242,-0.91509,-1.65828,0,0.7,1477299944
-1.88227,0.150938,1.61619,1.94818,2,0.223989,-0.150938,-0.916186,-1.65828,0,0.7,1477299944
-1.88252,0.151415,1.61628,1.94554,2,0.224238,-0.151415,-0.916284,-1.65828,0,0.7,1477299944
-1.85489,0.139014,1.62549,1.98795,2,0.196608,-0.139014,-0.925493,-1.65828,0,0.7,1477299944
-1.86518,0.143056,1.61528,1.96846,2,0.206898,-0.143056,-0.915282,-1.65828,0,0.7,1477299944
-1.87141,0.145298,1.60725,1.95565,2,0.213128,-0.145298,-0.907246,-1.65828,0,0.7,1477299944
-1.85259,0.137411,1.62709,1.99649,2,0.194317,-0.137411,-0.927091,-1.65828,0,0.7,1477299944
-1.86511,0.142323,1.61486,1.97303,2,0.206829,-0.142323,-0.914861,-1.65828,0,0.7,1477299944
-1.85769,0.139965,1.62468,1.9859,2,0.199411,-0.139965,-0.924676,-1.65828,0,0.7,1477299944
-1.87146,0.14495,1.60683,1.95773,2,0.213187,-0.14495,-0.906835,-1.65828,0,0.7,1477299944
-1.88293,0.15001,1.59571,1.93117,2,0.224649,-0.15001,-0.895712,-1.65828,0,0.7,1477299944
-1.87613,0.148408,1.60572,1.94132,2,0.217856,-0.148408,-0.90572,-1.65828,0,0.7,1477299944
-1.88316,0.150502,1.59613,1.92871,2,0.224878,-0.150502,-0.896128,-1.65828,0,0.7,1477299944
-1.88316,0.150502,1.59613,1.92871,2,0.224878,-0.150502,-0.896128,-1.65828,0,0.7,1477299945
-1.87281,0.145521,1.59699,1.9446,2,0.214534,-0.145521,-0.89699,-1.65828,0,0.7,1477299945
-1.86423,0.141237,1.59632,1.95761,2,0.205954,-0.141237,-0.896317,-1.65828,0,0.7,1477299945
-1.86035,0.139241,1.59817,1.9666,2,0.20207,-0.139241,-0.89817,-1.65828,0,0.7,1477299945
-1.864,0.140802,1.59629,1.96029,2,0.205725,-0.140802,-0.89629,-1.65828,0,0.7,1477299945
-1.87009,0.142964,1.58847,1.94723,2,0.211811,-0.142964,-0.888469,-1.65828,0,0.7,1477299945
-1.88937,0.15112,1.57761,1.91281,2,0.231095,-0.15112,-0.877611,-1.65828,0,0.7,1477299945
-1.87975,0.146542,1.5783,1.92761,2,0.221475,-0.146542,-0.878295,-1.65828,0,0.7,1477299945
-1.88937,0.15112,1.57761,1.91281,2,0.231095,-0.15112,-0.877611,-1.65828,0,0.7,1477299945
-1.8716,0.14324,1.57831,1.93553,2,0.213321,-0.14324,-0.878313,-1.65828,0,0.7,1477299945
-1.87133,0.142782,1.57826,1.93831,2,0.213054,-0.142782,-0.878261,-1.65828,0,0.7,1477299945
-1.87723,0.144438,1.57005,1.92732,2,0.218953,-0.144438,-0.870054,-1.65828,0,0.7,1477299945
-1.87723,0.144438,1.57005,1.92732,2,0.218953,-0.144438,-0.870054,-1.65828,0,0.7,1477299945
-1.88783,0.148271,1.55895,1.90529,2,0.22955,-0.148271,-0.858954,-1.65828,0,0.7,1477299945
-1.88783,0.148271,1.55895,1.90529,2,0.22955,-0.148271,-0.858954,-1.65828,0,0.7,1477299945
-1.86829,0.14008,1.56946,1.94116,2,0.210009,-0.14008,-0.869459,-1.65828,0,0.7,1477299945
-1.86199,0.137502,1.57692,1.95732,2,0.203708,-0.137502,-0.876915,-1.65828,0,0.7,1477299945
-1.85979,0.135931,1.56879,1.95474,2,0.201511,-0.135931,-0.868793,-1.65828,0,0.7,1477299945
-1.87288,0.141983,1.56712,1.93305,2,0.214598,-0.141983,-0.867116,-1.65828,0,0.7,1477299945
-1.86322,0.137785,1.56828,1.94683,2,0.204944,-0.137785,-0.868275,-1.65828,0,0.7,1477299945
-1.87033,0.140269,1.55932,1.93064,2,0.212055,-0.140269,-0.859318,-1.65828,0,0.7,1477299945
-1.86577,0.138036,1.5614,1.94125,2,0.207489,-0.138036,-0.861397,-1.65828,0,0.7,1477299946
-1.89428,0.148968,1.54113,1.88783,2,0.236006,-0.148968,-0.841127,-1.65828,0,0.7,1477299946
-1.85467,0.133612,1.56764,1.96078,2,0.196392,-0.133612,-0.867642,-1.65828,0,0.7,1477299946
-1.87152,0.139358,1.54867,1.92579,2,0.213238,-0.139358,-0.848673,-1.65828,0,0.7,1477299946
-1.88643,0.145188,1.54043,1.89961,2,0.228154,-0.145188,-0.84043,-1.65828,0,0.7,1477299946
-1.87656,0.140658,1.54133,1.91583,2,0.218283,-0.140658,-0.84133,-1.65828,0,0.7,1477299946
-1.84246,0.126932,1.55878,1.97766,2,0.184183,-0.126932,-0.858775,-1.65828,0,0.7,1477299946
-1.86817,0.136662,1.54084,1.92943,2,0.209888,-0.136662,-0.840838,-1.65828,0,0.7,1477299946
-1.86855,0.136808,1.54058,1.9287,2,0.21027,-0.136808,-0.840578,-1.65828,0,0.7,1477299946
-1.86855,0.136808,1.54058,1.9287,2,0.21027,-0.136808,-0.840578,-1.65828,0,0.7,1477299946
-1.86776,0.13646,1.54065,1.92995,2,0.209483,-0.13646,-0.840648,-1.65828,0,0.7,1477299946
-1.86776,0.13646,1.54065,1.92995,2,0.209483,-0.13646,-0.840648,-1.65828,0,0.7,1477299946
-1.85942,0.132482,1.54,1.94382,2,0.201146,-0.132482,-0.839995,-1.65828,0,0.7,1477299946
-1.85148,0.128967,1.53911,1.95482,2,0.193199,-0.128967,-0.839112,-1.65828,0,0.7,1477299946
-1.86134,0.132638,1.53005,1.93287,2,0.203065,-0.132638,-0.830045,-1.65828,0,0.7,1477299946
-1.86078,0.132827,1.5316,1.93228,2,0.202504,-0.132827,-0.831596,-1.65828,0,0.7,1477299946
-1.85748,0.131395,1.53224,1.93805,2,0.199204,-0.131395,-0.832243,-1.65828,0,0.7,1477299946
-1.86709,0.134596,1.52306,1.91887,2,0.208815,-0.134596,-0.823059,-1.65828,0,0.7,1477299946
-1.86709,0.134596,1.52306,1.91887,2,0.208815,-0.134596,-0.823059,-1.65828,0,0.7,1477299946
-1.85889,0.130719,1.52238,1.93289,2,0.20061,-0.130719,-0.822382,-1.65828,0,0.7,1477299946
-1.87622,0.137479,1.51362,1.90031,2,0.21794,-0.137479,-0.813621,-1.65828,0,0.7,1477299946
-1.89101,0.143066,1.50557,1.87316,2,0.232733,-0.143066,-0.805572,-1.65828,0,0.7,1477299947
-1.86798,0.133638,1.51311,1.91417,2,0.209706,-0.133638,-0.813109,-1.65828,0,0.7,1477299947
-1.86577,0.132153,1.50565,1.91087,2,0.20749,-0.132153,-0.805651,-1.65828,0,0.7,1477299947
-1.85983,0.129824,1.51246,1.92826,2,0.201552,-0.129824,-0.812457,-1.65828,0,0.7,1477299947
-1.85207,0.126467,1.51161,1.93938,2,0.193787,-0.126467,-0.811608,-1.65828,0,0.7,1477299947
-1.86617,0.132329,1.50559,1.91014,2,0.207893,-0.132329,-0.805594,-1.65828,0,0.7,1477299947
-1.87667,0.135648,1.49485,1.88755,2,0.218394,-0.135648,-0.79485,-1.65828,0,0.7,1477299947
-1.86992,0.133448,1.50316,1.9049,2,0.211647,-0.133448,-0.803161,-1.65828,0,0.7,1477299947
-1.86735,0.131841,1.49601,1.90215,2,0.20907,-0.131841,-0.796007,-1.65828,0,0.7,1477299947
-1.86735,0.131841,1.49601,1.90215,2,0.20907,-0.131841,-0.796007,-1.65828,0,0.7,1477299947
-1.85779,0.127567,1.49665,1.92,2,0.199513,-0.127567,-0.796646,-1.65828,0,0.7,1477299947
-1.85433,0.125479,1.49679,1.93136,2,0.196054,-0.125479,-0.796792,-1.65828,0,0.7,1477299947
-1.86456,0.129812,1.48846,1.9021,2,0.206284,-0.129812,-0.788463,-1.65828,0,0.7,1477299947
-1.86456,0.129812,1.48846,1.9021,2,0.206284,-0.129812,-0.788463,-1.65828,0,0.7,1477299947
-1.86456,0.129812,1.48846,1.9021,2,0.206284,-0.129812,-0.788463,-1.65828,0,0.7,1477299947
-1.86456,0.129812,1.48846,1.9021,2,0.206284,-0.129812,-0.788463,-1.65828,0,0.7,1477299947
-1.883,0.137077,1.47889,1.86269,2,0.224725,-0.137077,-0.778887,-1.65828,0,0.7,1477299947
-1.8759,0.133775,1.47797,1.87462,2,0.217621,-0.133775,-0.777974,-1.65828,0,0.7,1477299947
-1.85777,0.125691,1.47828,1.90825,2,0.199493,-0.125691,-0.778276,-1.65828,0,0.7,1477299947
-1.86346,0.127246,1.47139,1.89532,2,0.205187,-0.127246,-0.771386,-1.65828,0,0.7,1477299947
-1.87294,0.131385,1.47067,1.87723,2,0.214667,-0.131385,-0.770667,-1.65828,0,0.7,1477299947
-1.8439,0.11949,1.48081,1.93927,2,0.185625,-0.11949,-0.780813,-1.65828,0,0.7,1477299947
-1.86284,0.126674,1.47136,1.89919,2,0.204558,-0.126674,-0.771362,-1.65828,0,0.7,1477299948
-1.83992,0.117703,1.47822,1.94335,2,0.181644,-0.117703,-0.778215,-1.65828,0,0.7,1477299948
-1.86346,0.127246,1.47139,1.89532,2,0.205187,-0.127246,-0.771386,-1.65828,0,0.7,1477299948
-1.87406,0.130877,1.46149,1.86856,2,0.215779,-0.130877,-0.761487,-1.65828,0,0.7,1477299948
-1.85972,0.124278,1.46402,1.90255,2,0.201447,-0.124278,-0.76402,-1.65828,0,0.7,1477299948
-1.86942,0.127621,1.4554,1.87794,2,0.211147,-0.127621,-0.755401,-1.65828,0,0.7,1477299948
-1.85149,0.120272,1.4629,1.92064,2,0.193216,-0.120272,-0.762901,-1.65828,0,0.7,1477299948
-1.86123,0.123655,1.45447,1.89576,2,0.202947,-0.123655,-0.754474,-1.65828,0,0.7,1477299948
-1.86123,0.123655,1.45447,1.89576,2,0.202947,-0.123655,-0.754474,-1.65828,0,0.7,1477299948
-1.87932,0.130234,1.44531,1.85741,2,0.221046,-0.130234,-0.745307,-1.65828,0,0.7,1477299948
-1.88451,0.131447,1.43859,1.84513,2,0.226232,-0.131447,-0.73859,-1.65828,0,0.7,1477299948
-1.87668,0.12803,1.4381,1.85922,2,0.218399,-0.12803,-0.738101,-1.65828,0,0.7,1477299948
-1.85754,0.120466,1.44703,1.90588,2,0.199258,-0.120466,-0.747033,-1.65828,0,0.7,1477299948
-1.85754,0.120466,1.44703,1.90588,2,0.199258,-0.120466,-0.747033,-1.65828,0,0.7,1477299948
-1.85952,0.120683,1.43813,1.89257,2,0.201245,-0.120683,-0.738129,-1.65828,0,0.7,1477299948
-1.85952,0.120683,1.43813,1.89257,2,0.201245,-0.120683,-0.738129,-1.65828,0,0.7,1477299948
-1.83412,0.110964,1.4531,1.95839,2,0.175839,-0.110964,-0.753099,-1.65828,0,0.7,1477299948
-1.86971,0.123401,1.42813,1.87036,2,0.211437,-0.123401,-0.728127,-1.65828,0,0.7,1477299948
-1.85522,0.118241,1.43517,1.9022,2,0.196944,-0.118241,-0.735173,-1.65828,0,0.7,1477299948
-1.87808,0.12698,1.42852,1.85464,2,0.219805,-0.12698,-0.728523,-1.65828,0,0.7,1477299948
-1.88068,0.127311,1.41877,1.83839,2,0.222404,-0.127311,-0.718772,-1.65828,0,0.7,1477299948
-1.86102,0.120079,1.42886,1.88535,2,0.202738,-0.120079,-0.728857,-1.65828,0,0.7,1477299949
-1.88369,0.127446,1.41367,1.83381,2,0.225416,-0.127446,-0.713672,-1.65828,0,0.7,1477299949
-1.88335,0.126653,1.41324,1.84012,2,0.225072,-0.126653,-0.713238,-1.65828,0,0.7,1477299949
-1.87557,0.123369,1.41278,1.85468,2,0.217293,-0.123369,-0.712778,-1.65828,0,0.7,1477299949
-1.87557,0.123369,1.41278,1.85468,2,0.217293,-0.123369,-0.712778,-1.65828,0,0.7,1477299949
-1.85684,0.116474,1.42135,1.89941,2,0.198558,-0.116474,-0.721349,-1.65828,0,0.7,1477299949
-1.87287,0.121252,1.40591,1.85678,2,0.214591,-0.121252,-0.705915,-1.65828,0,0.7,1477299949
-1.84085,0.109372,1.41942,1.93497,2,0.182573,-0.109372,-0.719419,-1.65828,0,0.7,1477299949
-1.86308,0.116385,1.40597,1.88598,2,0.204798,-0.116385,-0.705968,-1.65828,0,0.7,1477299949
-1.86308,0.116385,1.40597,1.88598,2,0.204798,-0.116385,-0.705968,-1.65828,0,0.7,1477299949
-1.85537,0.113467,1.40547,1.89864,2,0.197097,-0.113467,-0.70547,-1.65828,0,0.7,1477299949
-1.87347,0.119672,1.39692,1.85687,2,0.215194,-0.119672,-0.696923,-1.65828,0,0.7,1477299949
-1.85471,0.112911,1.4053,1.90294,2,0.196433,-0.112911,-0.705296,-1.65828,0,0.7,1477299949
-1.85471,0.112911,1.4053,1.90294,2,0.196433,-0.112911,-0.705296,-1.65828,0,0.7,1477299949
-1.85471,0.112911,1.4053,1.90294,2,0.196433,-0.112911,-0.705296,-1.65828,0,0.7,1477299949
-1.86134,0.113592,1.3907,1.88248,2,0.203067,-0.113592,-0.690702,-1.65828,0,0.7,1477299949
-1.84723,0.1088,1.39723,1.91595,2,0.18895,-0.1088,-0.697228,-1.65828,0,0.7,1477299949
-1.87208,0.116945,1.38168,1.85168,2,0.213803,-0.116945,-0.681684,-1.65828,0,0.7,1477299949
-1.87208,0.116945,1.38168,1.85168,2,0.213803,-0.116945,-0.681684,-1.65828,0,0.7,1477299949
-1.85813,0.111989,1.38801,1.88751,2,0.199849,-0.111989,-0.688014,-1.65828,0,0.7,1477299949
-1.87175,0.116835,1.38183,1.85244,2,0.213472,-0.116835,-0.681833,-1.65828,0,0.7,1477299949
-1.86241,0.112884,1.38229,1.87586,2,0.204134,-0.112884,-0.682294,-1.65828,0,0.7,1477299950
-1.87646,0.117514,1.37576,1.84305,2,0.218179,-0.117514,-0.675765,-1.65828,0,0.7,1477299950
-1.86757,0.114049,1.37618,1.86203,2,0.209294,-0.114049,-0.676184,-1.65828,0,0.7,1477299950
-1.87913,0.116921,1.36576,1.83407,2,0.220852,-0.116921,-0.665764,-1.65828,0,0.7,1477299950
-1.87012,0.113468,1.36633,1.85356,2,0.21184,-0.113468,-0.666329,-1.65828,0,0.7,1477299950
-1.85178,0.107125,1.37441,1.90155,2,0.193502,-0.107125,-0.674412,-1.65828,0,0.7,1477299950
-1.87447,0.114019,1.36055,1.84481,2,0.216188,-0.114019,-0.660552,-1.65828,0,0.7,1477299950
-1.84785,0.104493,1.36809,1.91104,2,0.189572,-0.104493,-0.668088,-1.65828,0,0.7,1477299950
-1.85765,0.107531,1.36053,1.88164,2,0.199367,-0.107531,-0.660534,-1.65828,0,0.7,1477299950
-1.87145,0.112533,1.3578,1.84884,2,0.213171,-0.112533,-0.657801,-1.65828,0,0.7,1477299950
-1.86854,0.110819,1.3517,1.84837,2,0.210258,-0.110819,-0.651704,-1.65828,0,0.7,1477299950
-1.84384,0.102732,1.36625,1.9192,2,0.18556,-0.102732,-0.666246,-1.65828,0,0.7,1477299950
-1.86834,0.110463,1.35167,1.85225,2,0.210065,-0.110463,-0.65167,-1.65828,0,0.7,1477299950
-1.85932,0.107066,1.35213,1.87294,2,0.201039,-0.107066,-0.652132,-1.65828,0,0.7,1477299950
-1.8606,0.107142,1.35067,1.87195,2,0.202323,-0.107142,-0.650665,-1.65828,0,0.7,1477299950
-1.85152,0.104041,1.35159,1.89044,2,0.193245,-0.104041,-0.651589,-1.65828,0,0.7,1477299950
-1.85936,0.106781,1.35186,1.87608,2,0.201079,-0.106781,-0.651859,-1.65828,0,0.7,1477299950
-1.8758,0.111514,1.33702,1.82299,2,0.217517,-0.111514,-0.637025,-1.65828,0,0.7,1477299950
-1.86081,0.106543,1.34399,1.8647,2,0.202531,-0.106543,-0.643994,-1.65828,0,0.7,1477299950
-1.86648,0.107483,1.33716,1.85098,2,0.208205,-0.107483,-0.637159,-1.65828,0,0.7,1477299950
-1.86617,0.107385,1.3373,1.85178,2,0.20789,-0.107385,-0.637302,-1.65828,0,0.7,1477299950
-1.83872,0.0978834,1.34539,1.92529,2,0.180438,-0.0978834,-0.645389,-1.65828,0,0.7,1477299951
-1.85399,0.101786,1.33163,1.88091,2,0.19571,-0.101786,-0.631627,-1.65828,0,0.7,1477299951
-1.83386,0.0956421,1.34382,1.93994,2,0.175585,-0.0956421,-0.643821,-1.65828,0,0.7,1477299951
-1.85879,0.103321,1.3296,1.86783,2,0.200514,-0.103321,-0.6296,-1.65828,0,0.7,1477299951
-1.86481,0.104944,1.32331,1.84609,2,0.206528,-0.104944,-0.623307,-1.65828,0,0.7,1477299951
-1.85106,0.100695,1.32921,1.88229,2,0.192785,-0.100695,-0.629213,-1.65828,0,0.7,1477299951
-1.86449,0.104849,1.32345,1.84693,2,0.206214,-0.104849,-0.623452,-1.65828,0,0.7,1477299951
-1.86616,0.104387,1.31548,1.83731,2,0.207887,-0.104387,-0.615476,-1.65828,0,0.7,1477299951
-1.85535,0.100683,1.32315,1.87938,2,0.197069,-0.100683,-0.623152,-1.65828,0,0.7,1477299951
-1.87184,0.104971,1.3087,1.8266,2,0.21356,-0.104971,-0.608703,-1.65828,0,0.7,1477299951
-1.86289,0.101808,1.30919,1.84836,2,0.204617,-0.101808,-0.609191,-1.65828,0,0.7,1477299951
-1.85693,0.100229,1.31532,1.87056,2,0.198653,-0.100229,-0.615321,-1.65828,0,0.7,1477299951
-1.86083,0.100337,1.30972,1.86537,2,0.202554,-0.100337,-0.609718,-1.65828,0,0.7,1477299951
-1.86186,0.100332,1.30858,1.86535,2,0.203585,-0.100332,-0.608585,-1.65828,0,0.7,1477299951
-1.84796,0.0956572,1.31102,1.90209,2,0.18968,-0.0956572,-0.611021,-1.65828,0,0.7,1477299951
-1.84545,0.095029,1.30882,1.89888,2,0.187177,-0.095029,-0.608815,-1.65828,0,0.7,1477299951
-1.86635,0.101454,1.30352,1.84794,2,0.208076,-0.101454,-0.603517,-1.65828,0,0.7,1477299951
-1.86782,0.100661,1.2958,1.84266,2,0.209541,-0.100661,-0.595803,-1.65828,0,0.7,1477299951
-1.84889,0.0944881,1.30307,1.90238,2,0.190615,-0.0944881,-0.603066,-1.65828,0,0.7,1477299951
-1.85092,0.0944953,1.29568,1.88867,2,0.192639,-0.0944953,-0.595684,-1.65828,0,0.7,1477299951
-1.85092,0.0944953,1.29568,1.88867,2,0.192639,-0.0944953,-0.595684,-1.65828,0,0.7,1477299951
-1.86186,0.0975257,1.2878,1.85114,2,0.203583,-0.0975257,-0.587802,-1.65828,0,0.7,1477299952
-1.84528,0.0917841,1.2876,1.89381,2,0.187001,-0.0917841,-0.587605,-1.65828,0,0.7,1477299952
-1.85268,0.0941375,1.28818,1.87909,2,0.194406,-0.0941375,-0.588177,-1.65828,0,0.7,1477299952
-1.85886,0.0957169,1.28217,1.85496,2,0.200582,-0.0957169,-0.582167,-1.65828,0,0.7,1477299952
-1.85886,0.0957169,1.28217,1.85496,2,0.200582,-0.0957169,-0.582167,-1.65828,0,0.7,1477299952
-1.85886,0.0957169,1.28217,1.85496,2,0.200582,-0.0957169,-0.582167,-1.65828,0,0.7,1477299952
-1.86014,0.095466,1.27501,1.84196,2,0.201861,-0.095466,-0.575011,-1.65828,0,0.7,1477299952
-1.86501,0.0964076,1.27012,1.82637,2,0.20673,-0.0964076,-0.570117,-1.65828,0,0.7,1477299952
-1.85298,0.0926958,1.27414,1.86372,2,0.194706,-0.0926958,-0.574141,-1.65828,0,0.7,1477299952
-1.83234,0.0859273,1.28183,1.93797,2,0.174059,-0.0859273,-0.58183,-1.65828,0,0.7,1477299952
-1.84532,0.0893854,1.2765,1.90334,2,0.187044,-0.0893854,-0.576504,-1.65828,0,0.7,1477299952
-1.85868,0.0927307,1.26198,1.84383,2,0.200407,-0.0927307,-0.56198,-1.65828,0,0.7,1477299952
-1.86558,0.0948118,1.26238,1.83058,2,0.207304,-0.0948118,-0.562381,-1.65828,0,0.7,1477299952
-1.87184,0.0963576,1.25674,1.80565,2,0.213562,-0.0963576,-0.556739,-1.65828,0,0.7,1477299952
-1.85899,0.0928095,1.26178,1.8428,2,0.200709,-0.0928095,-0.561785,-1.65828,0,0.7,1477299952
-1.87341,0.096473,1.25013,1.78699,2,0.215135,-0.096473,-0.55013,-1.65828,0,0.7,1477299952
-1.85507,0.0905488,1.25656,1.85384,2,0.196791,-0.0905488,-0.556558,-1.65828,0,0.7,1477299952
-1.85684,0.090199,1.24944,1.84304,2,0.198561,-0.090199,-0.549443,-1.65828,0,0.7,1477299952
-1.84578,0.086757,1.25644,1.8926,2,0.187499,-0.086757,-0.556439,-1.65828,0,0.7,1477299952
-1.8565,0.0895592,1.2491,1.85234,2,0.198219,-0.0895592,-0.549103,-1.65828,0,0.7,1477299952
-1.83405,0.082726,1.25437,1.92425,2,0.175771,-0.082726,-0.554368,-1.65828,0,0.7,1477299952
-1.82832,0.0805871,1.25588,1.95118,2,0.170047,-0.0805871,-0.555879,-1.65828,0,0.7,1477299953
-1.8396,0.0835733,1.24851,1.90827,2,0.181318,-0.0835733,-0.548514,-1.65828,0,0.7,1477299953
-1.84121,0.0838647,1.25086,1.91508,2,0.182929,-0.0838647,-0.550863,-1.65828,0,0.7,1477299953
-1.84343,0.0839576,1.24399,1.89919,2,0.185154,-0.0839576,-0.543993,-1.65828,0,0.7,1477299953
-1.86234,0.0893272,1.23717,1.83566,2,0.204066,-0.0893272,-0.537171,-1.65828,0,0.7,1477299953
-1.85505,0.087482,1.23682,1.84598,2,0.196776,-0.087482,-0.536819,-1.65828,0,0.7,1477299953
-1.85191,0.0857929,1.23167,1.85085,2,0.193628,-0.0857929,-0.531671,-1.65828,0,0.7,1477299953
-1.86946,0.090449,1.22517,1.79554,2,0.21118,-0.090449,-0.525167,-1.65828,0,0.7,1477299953
-1.85651,0.0865206,1.22955,1.84433,2,0.19823,-0.0865206,-0.529554,-1.65828,0,0.7,1477299953
-1.83897,0.0813401,1.23048,1.89275,2,0.18069,-0.0813401,-0.530478,-1.65828,0,0.7,1477299953
-1.86475,0.0880988,1.22095,1.81006,2,0.206476,-0.0880988,-0.520954,-1.65828,0,0.7,1477299953
-1.86808,0.088676,1.21368,1.78294,2,0.209801,-0.088676,-0.513677,-1.65828,0,0.7,1477299953
-1.8446,0.0821724,1.22491,1.87582,2,0.186323,-0.0821724,-0.524911,-1.65828,0,0.7,1477299953
-1.8589,0.0848306,1.21333,1.82799,2,0.200625,-0.0848306,-0.51333,-1.65828,0,0.7,1477299953
-1.85149,0.0825242,1.21283,1.84901,2,0.193217,-0.0825242,-0.512829,-1.65828,0,0.7,1477299953
-1.86442,0.085803,1.20811,1.80698,2,0.206147,-0.085803,-0.508113,-1.65828,0,0.7,1477299953
-1.85028,0.0819673,1.21343,1.85873,2,0.192001,-0.0819673,-0.513434,-1.65828,0,0.7,1477299953
-1.8658,0.0850769,1.20133,1.80039,2,0.207527,-0.0850769,-0.501328,-1.65828,0,0.7,1477299953
-1.83896,0.0776323,1.20789,1.89355,2,0.180681,-0.0776323,-0.507889,-1.65828,0,0.7,1477299953
-1.84427,0.0790291,1.2061,1.87462,2,0.185993,-0.0790291,-0.506098,-1.65828,0,0.7,1477299953
-1.857,0.0822237,1.20162,1.83205,2,0.198717,-0.0822237,-0.501617,-1.65828,0,0.7,1477299953
-1.8495,0.0796822,1.20077,1.85842,2,0.191217,-0.0796822,-0.500768,-1.65828,0,0.7,1477299954
-1.8495,0.0796822,1.20077,1.85842,2,0.191217,-0.0796822,-0.500768,-1.65828,0,0.7,1477299954
-1.8642,0.0830757,1.19015,1.79299,2,0.205923,-0.0830757,-0.490145,-1.65828,0,0.7,1477299954
-1.84276,0.0771553,1.1948,1.86913,2,0.184485,-0.0771553,-0.494798,-1.65828,0,0.7,1477299954
-1.84276,0.0771553,1.1948,1.86913,2,0.184485,-0.0771553,-0.494798,-1.65828,0,0.7,1477299954
-1.85547,0.0800381,1.19029,1.83048,2,0.197193,-0.0800381,-0.490285,-1.65828,0,0.7,1477299954
-1.87102,0.0832498,1.17853,1.76385,2,0.21274,-0.0832498,-0.478525,-1.65828,0,0.7,1477299954
-1.83905,0.0749862,1.18973,1.88704,2,0.180773,-0.0749862,-0.489732,-1.65828,0,0.7,1477299954
-1.86233,0.0805304,1.17888,1.79634,2,0.204048,-0.0805304,-0.478881,-1.65828,0,0.7,1477299954
-1.84092,0.0747513,1.18341,1.87464,2,0.182641,-0.0747513,-0.48341,-1.65828,0,0.7,1477299954
-1.83517,0.0730681,1.1852,1.90173,2,0.176895,-0.0730681,-0.4852,-1.65828,0,0.7,1477299954
-1.84036,0.073889,1.18312,1.89235,2,0.182077,-0.073889,-0.483122,-1.65828,0,0.7,1477299954
-1.85517,0.0769543,1.17255,1.82792,2,0.196897,-0.0769543,-0.472548,-1.65828,0,0.7,1477299954
-1.86046,0.0780497,1.16784,1.80007,2,0.202183,-0.0780497,-0.467836,-1.65828,0,0.7,1477299954
-1.82835,0.0703848,1.17899,1.91946,2,0.170068,-0.0703848,-0.478991,-1.65828,0,0.7,1477299954
-1.85735,0.0772551,1.16648,1.80222,2,0.199074,-0.0772551,-0.466484,-1.65828,0,0.7,1477299954
-1.85378,0.075404,1.16177,1.81397,2,0.195497,-0.075404,-0.461772,-1.65828,0,0.7,1477299954
-1.85383,0.0751733,1.16169,1.81957,2,0.19555,-0.0751733,-0.461695,-1.65828,0,0.7,1477299954
-1.85411,0.0757408,1.16198,1.80774,2,0.195834,-0.0757408,-0.461979,-1.65828,0,0.7,1477299954
-1.84567,0.0736577,1.16246,1.83148,2,0.18739,-0.0736577,-0.462461,-1.65828,0,0.7,1477299954
-1.83779,0.0707224,1.16138,1.87363,2,0.179511,-0.0707224,-0.461385,-1.65828,0,0.7,1477299954
-1.83712,0.0696197,1.16081,1.89814,2,0.178847,-0.0696197,-0.460814,-1.65828,0,0.7,1477299955
-1.8282,0.0672152,1.16101,1.93047,2,0.169924,-0.0672152,-0.461006,-1.65828,0,0.7,1477299955
-1.82199,0.0655024,1.1628,1.96157,2,0.163715,-0.0655024,-0.462798,-1.65828,0,0.7,1477299955
-1.84442,0.0705065,1.15022,1.85486,2,0.186142,-0.0705065,-0.450224,-1.65828,0,0.7,1477299955
-1.84829,0.0710241,1.14643,1.83784,2,0.190016,-0.0710241,-0.446429,-1.65828,0,0.7,1477299955
-1.83598,0.0684885,1.15064,1.88007,2,0.1777,-0.0684885,-0.450636,-1.65828,0,0.7,1477299955
-1.84866,0.0711159,1.1464,1.83657,2,0.190381,-0.0711159,-0.446396,-1.65828,0,0.7,1477299955
-1.84007,0.069083,1.14684,1.86199,2,0.181796,-0.069083,-0.446844,-1.65828,0,0.7,1477299955
-1.86122,0.0736412,1.13472,1.75841,2,0.202941,-0.0736412,-0.434719,-1.65828,0,0.7,1477299955
-1.84159,0.0683009,1.14063,1.86091,2,0.183312,-0.0683009,-0.440625,-1.65828,0,0.7,1477299955
-1.83418,0.0663114,1.14009,1.88705,2,0.175897,-0.0663114,-0.440093,-1.65828,0,0.7,1477299955
-1.86474,0.0735358,1.13073,1.75392,2,0.20646,-0.0735358,-0.43073,-1.65828,0,0.7,1477299955
-1.86136,0.0723212,1.12664,1.7533,2,0.203078,-0.0723212,-0.426635,-1.65828,0,0.7,1477299955
-1.85427,0.0704343,1.12612,1.77676,2,0.195996,-0.0704343,-0.426119,-1.65828,0,0.7,1477299955
-1.85124,0.0694811,1.12465,1.78482,2,0.192961,-0.0694811,-0.42465,-1.65828,0,0.7,1477299955
-1.85585,0.0696334,1.12016,1.77451,2,0.197576,-0.0696334,-0.420157,-1.65828,0,0.7,1477299955
-1.82349,0.0617184,1.12973,1.93592,2,0.165208,-0.0617184,-0.429732,-1.65828,0,0.7,1477299955
-1.84335,0.0660252,1.12329,1.84989,2,0.185075,-0.0660252,-0.423291,-1.65828,0,0.7,1477299955
-1.84683,0.0664269,1.11983,1.8335,2,0.18855,-0.0664269,-0.419833,-1.65828,0,0.7,1477299955
-1.84339,0.0652758,1.11606,1.83554,2,0.185114,-0.0652758,-0.416056,-1.65828,0,0.7,1477299955
-1.8456,0.0653488,1.11038,1.81145,2,0.187318,-0.0653488,-0.41038,-1.65828,0,0.7,1477299955
-1.8333,0.0625529,1.11399,1.87079,2,0.175025,-0.0625529,-0.413992,-1.65828,0,0.7,1477299956
-1.83288,0.0617858,1.11343,1.8916,2,0.174604,-0.0617858,-0.413432,-1.65828,0,0.7,1477299956
-1.83786,0.0624993,1.10934,1.86682,2,0.179579,-0.0624993,-0.40934,-1.65828,0,0.7,1477299956
-1.8474,0.0639535,1.10406,1.82899,2,0.189125,-0.0639535,-0.404059,-1.65828,0,0.7,1477299956
-1.8389,0.061686,1.1041,1.87008,2,0.180622,-0.061686,-0.404098,-1.65828,0,0.7,1477299956
-1.82649,0.0591547,1.10768,1.92436,2,0.168216,-0.0591547,-0.407681,-1.65828,0,0.7,1477299956
-1.85315,0.0641696,1.0951,1.79363,2,0.194874,-0.0641696,-0.395103,-1.65828,0,0.7,1477299956
-1.8313,0.0593874,1.10332,1.91361,2,0.173018,-0.0593874,-0.403319,-1.65828,0,0.7,1477299956
-1.83972,0.0606716,1.09608,1.86362,2,0.181441,-0.0606716,-0.396078,-1.65828,0,0.7,1477299956
-1.86015,0.0645913,1.08552,1.74959,2,0.201869,-0.0645913,-0.385517,-1.65828,0,0.7,1477299956
-1.85359,0.0639274,1.08548,1.7448,2,0.195316,-0.0639274,-0.38548,-1.65828,0,0.7,1477299956
-1.85359,0.0639274,1.08548,1.7448,2,0.195316,-0.0639274,-0.38548,-1.65828,0,0.7,1477299956
-1.85332,0.0631658,1.08497,1.76666,2,0.195038,-0.0631658,-0.384968,-1.65828,0,0.7,1477299956
-1.81655,0.0535937,1.0896,1.99139,2,0.158276,-0.0535937,-0.389599,-1.65828,0,0.7,1477299956
-1.82787,0.0553328,1.08383,1.94081,2,0.169589,-0.0553328,-0.383828,-1.65828,0,0.7,1477299956
-1.85198,0.059641,1.07695,1.83862,2,0.1937,-0.059641,-0.376954,-1.65828,0,0.7,1477299956
-1.84255,0.0577759,1.07512,1.85684,2,0.184276,-0.0577759,-0.375119,-1.65828,0,0.7,1477299956
-1.84265,0.0580233,1.07538,1.84921,2,0.184371,-0.0580233,-0.375383,-1.65828,0,0.7,1477299956
-1.86526,0.0621552,1.06647,1.73142,2,0.206981,-0.0621552,-0.366467,-1.65828,0,0.7,1477299956
-1.84533,0.0579632,1.06982,1.82721,2,0.187052,-0.0579632,-0.369818,-1.65828,0,0.7,1477299956
-1.84994,0.058505,1.06613,1.80162,2,0.191658,-0.058505,-0.366133,-1.65828,0,0.7,1477299956
-1.84113,0.056362,1.06619,1.84847,2,0.182853,-0.056362,-0.366191,-1.65828,0,0.7,1477299957
-1.83281,0.0543403,1.06626,1.89485,2,0.174533,-0.0543403,-0.366264,-1.65828,0,0.7,1477299957
-1.83281,0.0543403,1.06626,1.89485,2,0.174533,-0.0543403,-0.366264,-1.65828,0,0.7,1477299957
-1.84834,0.0566054,1.05715,1.80895,2,0.19006,-0.0566054,-0.357154,-1.65828,0,0.7,1477299957
-1.83985,0.0547925,1.05726,1.84723,2,0.18157,-0.0547925,-0.357264,-1.65828,0,0.7,1477299957
-1.86208,0.0582251,1.04869,1.74193,2,0.203799,-0.0582251,-0.348687,-1.65828,0,0.7,1477299957
-1.85388,0.0567326,1.04905,1.76969,2,0.1956,-0.0567326,-0.349047,-1.65828,0,0.7,1477299957
-1.85388,0.0567326,1.04905,1.76969,2,0.1956,-0.0567326,-0.349047,-1.65828,0,0.7,1477299957
-1.84562,0.0549924,1.04912,1.80678,2,0.187339,-0.0549924,-0.349118,-1.65828,0,0.7,1477299957
-1.83824,0.0529813,1.04844,1.85668,2,0.179964,-0.0529813,-0.348442,-1.65828,0,0.7,1477299957
-1.82951,0.0509704,1.04853,1.90826,2,0.171233,-0.0509704,-0.348533,-1.65828,0,0.7,1477299957
-1.8255,0.0499255,1.0451,1.91338,2,0.167224,-0.0499255,-0.345101,-1.65828,0,0.7,1477299957
-1.84557,0.0534403,1.03968,1.80453,2,0.187293,-0.0534403,-0.339681,-1.65828,0,0.7,1477299957
-1.83674,0.0514331,1.03972,1.85637,2,0.178464,-0.0514331,-0.339722,-1.65828,0,0.7,1477299957
-1.85126,0.0540259,1.03205,1.74339,2,0.192982,-0.0540259,-0.33205,-1.65828,0,0.7,1477299957
-1.83982,0.0518848,1.03496,1.81234,2,0.181539,-0.0518848,-0.33496,-1.65828,0,0.7,1477299957
-1.82437,0.0485179,1.03646,1.91338,2,0.166087,-0.0485179,-0.336461,-1.65828,0,0.7,1477299957
-1.84225,0.0515744,1.02982,1.79783,2,0.183973,-0.0515744,-0.329824,-1.65828,0,0.7,1477299957
-1.83972,0.0503893,1.02778,1.82747,2,0.181447,-0.0503893,-0.327782,-1.65828,0,0.7,1477299957
-1.84521,0.0511482,1.02681,1.80888,2,0.18693,-0.0511482,-0.326811,-1.65828,0,0.7,1477299957
-1.85193,0.0516577,1.01871,1.74669,2,0.193648,-0.0516577,-0.318707,-1.65828,0,0.7,1477299957
-1.8438,0.0500768,1.01873,1.78676,2,0.185523,-0.0500768,-0.318726,-1.65828,0,0.7,1477299958
-1.82554,0.0474507,1.02351,1.87211,2,0.167258,-0.0474507,-0.323511,-1.65828,0,0.7,1477299958
-1.84412,0.0507661,1.01908,1.75584,2,0.185844,-0.0507661,-0.319078,-1.65828,0,0.7,1477299958
-1.82837,0.0468584,1.01826,1.8756,2,0.170097,-0.0468584,-0.318258,-1.65828,0,0.7,1477299958
-1.82782,0.0457687,1.01773,1.93071,2,0.169538,-0.0457687,-0.317726,-1.65828,0,0.7,1477299958
-1.84248,0.0480029,1.01019,1.81504,2,0.184202,-0.0480029,-0.310185,-1.65828,0,0.7,1477299958
-1.84666,0.048164,1.0068,1.79661,2,0.188384,-0.048164,-0.306805,-1.65828,0,0.7,1477299958
-1.84936,0.0487296,1.00253,1.73761,2,0.191078,-0.0487296,-0.302528,-1.65828,0,0.7,1477299958
-1.83836,0.0470418,1.00514,1.80006,2,0.180083,-0.0470418,-0.305138,-1.65828,0,0.7,1477299958
-1.83129,0.0454884,1.00657,1.86636,2,0.173012,-0.0454884,-0.306572,-1.65828,0,0.7,1477299958
-1.83416,0.0456706,1.00183,1.82624,2,0.175882,-0.0456706,-0.301833,-1.65828,0,0.7,1477299958
-1.82549,0.0435104,1.00172,1.91028,2,0.167216,-0.0435104,-0.301718,-1.65828,0,0.7,1477299958
-1.82885,0.0437779,0.997023,1.86689,2,0.170573,-0.0437779,-0.297023,-1.65828,0,0.7,1477299958
-1.84823,0.0467083,0.99423,1.76551,2,0.189955,-0.0467083,-0.29423,-1.65828,0,0.7,1477299958
-1.83585,0.0443186,0.991454,1.816,2,0.177569,-0.0443186,-0.291454,-1.65828,0,0.7,1477299958
-1.83257,0.0438854,0.994042,1.85166,2,0.174288,-0.0438854,-0.294042,-1.65828,0,0.7,1477299958
-1.84647,0.0452564,0.98673,1.76645,2,0.188195,-0.0452564,-0.28673,-1.65828,0,0.7,1477299958
-1.83822,0.0436185,0.986781,1.82642,2,0.17994,-0.0436185,-0.286781,-1.65828,0,0.7,1477299958
-1.82272,0.0408999,0.986288,1.91598,2,0.164446,-0.0408999,-0.286288,-1.65828,0,0.7,1477299958
-1.84512,0.0440992,0.979293,1.75167,2,0.186845,-0.0440992,-0.279293,-1.65828,0,0.7,1477299958
-1.83688,0.0424938,0.979344,1.8135,2,0.178602,-0.0424938,-0.279344,-1.65828,0,0.7,1477299958
-1.83688,0.0424938,0.979344,1.8135,2,0.178602,-0.0424938,-0.279344,-1.65828,0,0.7,1477299959
-1.81084,0.0381346,0.982664,2,1.99092,0.152563,-0.0381346,-0.282664,-1.65828,0,0.7,1477299959
-1.83305,0.0405149,0.97387,1.87137,2,0.174767,-0.0405149,-0.27387,-1.65828,0,0.7,1477299959
-1.82452,0.0385548,0.97374,1.96842,2,0.166243,-0.0385548,-0.27374,-1.65828,0,0.7,1477299959
-1.81621,0.0372033,0.97364,2,1.97766,0.157934,-0.0372033,-0.27364,-1.65828,0,0.7,1477299959
-1.84261,0.0410862,0.964293,1.77147,2,0.184329,-0.0410862,-0.264293,-1.65828,0,0.7,1477299959
-1.83188,0.0398531,0.966761,1.82975,2,0.173605,-0.0398531,-0.266761,-1.65828,0,0.7,1477299959
-1.82358,0.0384986,0.966726,1.88344,2,0.165303,-0.0384986,-0.266726,-1.65828,0,0.7,1477299959
-1.8388,0.0401162,0.959379,1.75964,2,0.180524,-0.0401162,-0.259379,-1.65828,0,0.7,1477299959
-1.84127,0.0400085,0.957218,1.75537,2,0.182997,-0.0400085,-0.257218,-1.65828,0,0.7,1477299959
-1.82223,0.0371068,0.959449,1.90056,2,0.163948,-0.0371068,-0.259449,-1.65828,0,0.7,1477299959
-1.81411,0.0358011,0.9611,1.98073,2,0.155831,-0.0358011,-0.2611,-1.65828,0,0.7,1477299959
-1.81909,0.0360747,0.956008,1.92604,2,0.160816,-0.0360747,-0.256008,-1.65828,0,0.7,1477299959
-1.82962,0.0374524,0.952259,1.82565,2,0.171345,-0.0374524,-0.252259,-1.65828,0,0.7,1477299959
-1.84332,0.039747,0.946105,1.63625,2,0.185045,-0.039747,-0.246105,-1.65828,0,0.7,1477299959
-1.84337,0.0401417,0.946234,1.60716,2,0.185091,-0.0401417,-0.246234,-1.65828,0,0.7,1477299959
-1.84661,0.0399484,0.941905,1.57964,2,0.188329,-0.0399484,-0.241905,-1.65828,0,0.7,1477299959
-1.82867,0.0366814,0.945339,1.79101,2,0.170389,-0.0366814,-0.245339,-1.65828,0,0.7,1477299959
-1.82363,0.0348798,0.942421,1.87196,1.98785,0.165348,-0.0348798,-0.242421,-1.65828,0,0.7,1477299959
-1.8375,0.0358282,0.934484,1.76585,1.99658,0.179224,-0.0358282,-0.234484,-1.65828,0,0.7,1477299959
-1.83422,0.0352659,0.938519,1.83895,1.97353,0.175947,-0.0352659,-0.238519,-1.65828,0,0.7,1477299959
-1.85141,0.0370184,0.929771,1.67482,2,0.193127,-0.0370184,-0.229771,-1.65828,0,0.7,1477299960
-1.83298,0.0343037,0.931848,1.77963,1.92595,0.174702,-0.0343037,-0.231848,-1.65828,0,0.7,1477299960
-1.83647,0.0342971,0.92925,1.75455,1.91525,0.178193,-0.0342971,-0.22925,-1.65828,0,0.7,1477299960
-1.83977,0.0344758,0.925155,1.69641,1.91825,0.181488,-0.0344758,-0.225155,-1.65828,0,0.7,1477299960
-1.84339,0.034661,0.922686,1.66344,1.91976,0.185116,-0.034661,-0.222686,-1.65828,0,0.7,1477299960
-1.83172,0.033174,0.925132,1.72766,1.86854,0.173442,-0.033174,-0.225132,-1.65828,0,0.7,1477299960
-1.83851,0.0335262,0.918694,1.63765,1.87313,0.180236,-0.0335262,-0.218694,-1.65828,0,0.7,1477299960
-1.82015,0.031117,0.920554,1.7155,1.78838,0.161876,-0.031117,-0.220554,-1.65828,0,0.7,1477299960
-1.84209,0.0333262,0.916188,1.62231,1.85202,0.183811,-0.0333262,-0.216188,-1.65828,0,0.7,1477299960
-1.83385,0.0320458,0.916236,1.65565,1.80133,0.175576,-0.0320458,-0.216236,-1.65828,0,0.7,1477299960
-1.8445,0.033212,0.912647,1.58125,1.84226,0.186226,-0.033212,-0.212647,-1.65828,0,0.7,1477299960
-1.819,0.0302478,0.914141,1.65821,1.74378,0.160717,-0.0302478,-0.214141,-1.65828,0,0.7,1477299960
-1.8555,0.0340096,0.908727,1.52003,1.86251,0.197218,-0.0340096,-0.208727,-1.65828,0,0.7,1477299960
-1.8144,0.0288549,0.911466,1.67317,1.67441,0.156121,-0.0288549,-0.211466,-1.65828,0,0.7,1477299960
-1.81822,0.0287578,0.907413,1.63104,1.65819,0.159939,-0.0287578,-0.207413,-1.65828,0,0.7,1477299960
-1.8365,0.030469,0.905654,1.58187,1.70686,0.178227,-0.030469,-0.205654,-1.65828,0,0.7,1477299960
-1.83992,0.0306382,0.90176,1.52319,1.71306,0.181643,-0.0306382,-0.20176,-1.65828,0,0.7,1477299960
-1.82198,0.0289897,0.903692,1.5748,1.66445,0.163704,-0.0289897,-0.203692,-1.65828,0,0.7,1477299960
-1.83519,0.0302964,0.899655,1.48907,1.71121,0.176913,-0.0302964,-0.199655,-1.65828,0,0.7,1477299960
-1.84539,0.0311645,0.896328,1.42547,1.74146,0.18711,-0.0311645,-0.196328,-1.65828,0,0.7,1477299960
-1.8308,0.0293146,0.895778,1.46316,1.66888,0.172521,-0.0293146,-0.195778,-1.65828,0,0.7,1477299960
-1.82399,0.0284458,0.89531,1.4786,1.63487,0.165715,-0.0284458,-0.19531,-1.65828,0,0.7,1477299961
-1.84417,0.0302744,0.890315,1.36851,1.70157,0.185894,-0.0302744,-0.190315,-1.65828,0,0.7,1477299961
-1.83754,0.0290779,0.889804,1.40313,1.64325,0.179258,-0.0290779,-0.189804,-1.65828,0,0.7,1477299961
-1.83752,0.0288953,0.88965,1.41114,1.631,0.179245,-0.0288953,-0.18965,-1.65828,0,0.7,1477299961
-1.83378,0.0280159,0.885803,1.38328,1.59245,0.1755,-0.0280159,-0.185803,-1.65828,0,0.7,1477299961
-1.85137,0.0292831,0.884069,1.34614,1.62648,0.193094,-0.0292831,-0.184069,-1.65828,0,0.7,1477299961
-1.82903,0.0266672,0.883393,1.40578,1.51891,0.17075,-0.0266672,-0.183393,-1.65828,0,0.7,1477299961
-1.84721,0.0283599,0.880296,1.31914,1.58697,0.188932,-0.0283599,-0.180296,-1.65828,0,0.7,1477299961
-1.84726,0.0281848,0.880367,1.33131,1.57381,0.188983,-0.0281848,-0.180367,-1.65828,0,0.7,1477299961
-1.84607,0.0275192,0.874524,1.26393,1.54945,0.187791,-0.0275192,-0.174524,-1.65828,0,0.7,1477299961
-1.83604,0.0257318,0.87754,1.39151,1.44096,0.177758,-0.0257318,-0.17754,-1.65828,0,0.7,1477299961
-1.83251,0.0245875,0.873518,1.38247,1.37851,0.174228,-0.0245875,-0.173518,-1.65828,0,0.7,1477299961
-1.84229,0.02538,0.871962,1.34118,1.40938,0.18401,-0.02538,-0.171962,-1.65828,0,0.7,1477299961
-1.84229,0.02538,0.871962,1.34118,1.40938,0.18401,-0.02538,-0.171962,-1.65828,0,0.7,1477299961
-1.84587,0.025702,0.86844,1.27079,1.43447,0.18759,-0.025702,-0.16844,-1.65828,0,0.7,1477299961
-1.83907,0.0249646,0.868039,1.28647,1.4023,0.180794,-0.0249646,-0.168039,-1.65828,0,0.7,1477299961
-1.81238,0.0225347,0.870808,1.39577,1.29977,0.154101,-0.0225347,-0.170808,-1.65828,0,0.7,1477299961
-1.82453,0.0235844,0.867335,1.31132,1.34794,0.166251,-0.0235844,-0.167335,-1.65828,0,0.7,1477299961
-1.84139,0.0247818,0.866211,1.27476,1.38648,0.183114,-0.0247818,-0.166211,-1.65828,0,0.7,1477299961
-1.845,0.0252779,0.86266,1.18958,1.42789,0.186723,-0.0252779,-0.16266,-1.65828,0,0.7,1477299961
-1.83991,0.0248382,0.860676,1.16305,1.41917,0.181629,-0.0248382,-0.160676,-1.65828,0,0.7,1477299962
-1.8323,0.0242104,0.860571,1.17559,1.39553,0.174019,-0.0242104,-0.160571,-1.65828,0,0.7,1477299962
-1.84374,0.0246528,0.857103,1.12301,1.40731,0.185461,-0.0246528,-0.157103,-1.65828,0,0.7,1477299962
-1.8347,0.0234429,0.858578,1.20226,1.33254,0.176423,-0.0234429,-0.158578,-1.65828,0,0.7,1477299962
-1.848,0.0237868,0.853677,1.13582,1.337,0.189723,-0.0237868,-0.153677,-1.65828,0,0.7,1477299962
-1.85073,0.0236147,0.851725,1.12103,1.32281,0.192454,-0.0236147,-0.151725,-1.65828,0,0.7,1477299962
-1.83402,0.022054,0.853037,1.1978,1.24182,0.175746,-0.022054,-0.153037,-1.65828,0,0.7,1477299962
-1.83646,0.0222143,0.851144,1.15934,1.25564,0.178179,-0.0222143,-0.151144,-1.65828,0,0.7,1477299962
-1.82889,0.0213226,0.851025,1.19562,1.2058,0.170614,-0.0213226,-0.151025,-1.65828,0,0.7,1477299962
-1.82889,0.0213226,0.851025,1.19562,1.2058,0.170614,-0.0213226,-0.151025,-1.65828,0,0.7,1477299962
-1.82208,0.0205005,0.850478,1.22232,1.16086,0.163798,-0.0205005,-0.150478,-1.65828,0,0.7,1477299962
-1.8463,0.0224734,0.842654,1.00962,1.28986,0.188023,-0.0224734,-0.142654,-1.65828,0,0.7,1477299962
-1.8281,0.0209592,0.845483,1.1154,1.20235,0.169821,-0.0209592,-0.145483,-1.65828,0,0.7,1477299962
-1.83966,0.0218304,0.842255,1.02681,1.25747,0.18138,-0.0218304,-0.142255,-1.65828,0,0.7,1477299962
-1.84868,0.0224515,0.840927,0.984938,1.29041,0.1904,-0.0224515,-0.140927,-1.65828,0,0.7,1477299962
-1.83221,0.0209677,0.842164,1.06543,1.20581,0.173928,-0.0209677,-0.142164,-1.65828,0,0.7,1477299962
-1.85956,0.0228945,0.837872,0.927079,1.31389,0.201282,-0.0228945,-0.137872,-1.65828,0,0.7,1477299962
-1.84573,0.0210804,0.837387,1.01129,1.19657,0.18745,-0.0210804,-0.137387,-1.65828,0,0.7,1477299962
-1.82736,0.0196357,0.840167,1.11614,1.11062,0.169084,-0.0196357,-0.140167,-1.65828,0,0.7,1477299962
-1.82186,0.0186151,0.838296,1.14406,1.04367,0.163585,-0.0186151,-0.138296,-1.65828,0,0.7,1477299962
-1.83375,0.0189461,0.835329,1.10306,1.04783,0.175475,-0.0189461,-0.135329,-1.65828,0,0.7,1477299962
-1.83375,0.0189461,0.835329,1.10306,1.04783,0.175475,-0.0189461,-0.135329,-1.65828,0,0.7,1477299963
-1.82459,0.01854,0.836656,1.12902,1.03478,0.166308,-0.01854,-0.136656,-1.65828,0,0.7,1477299963
-1.8471,0.0199898,0.830607,0.966435,1.13224,0.188819,-0.0199898,-0.130607,-1.65828,0,0.7,1477299963
-1.83261,0.0190758,0.830023,0.978986,1.09726,0.174334,-0.0190758,-0.130023,-1.65828,0,0.7,1477299963
-1.83933,0.019834,0.830502,0.948075,1.14522,0.181056,-0.019834,-0.130502,-1.65828,0,0.7,1477299963
-1.83436,0.0194137,0.828467,0.922597,1.13549,0.176081,-0.0194137,-0.128467,-1.65828,0,0.7,1477299963
-1.83385,0.0191388,0.828712,0.950403,1.10804,0.17557,-0.0191388,-0.128712,-1.65828,0,0.7,1477299963
-1.83792,0.0192826,0.825429,0.881965,1.13203,0.179645,-0.0192826,-0.125429,-1.65828,0,0.7,1477299963
-1.82945,0.0182843,0.8267,0.968133,1.05101,0.171177,-0.0182843,-0.1267,-1.65828,0,0.7,1477299963
-1.84974,0.019561,0.822475,0.835546,1.14278,0.191464,-0.019561,-0.122475,-1.65828,0,0.7,1477299963
-1.83444,0.0179982,0.823456,0.94421,1.02628,0.176162,-0.0179982,-0.123456,-1.65828,0,0.7,1477299963
-1.83604,0.0180789,0.821883,0.90837,1.04086,0.177761,-0.0180789,-0.121883,-1.65828,0,0.7,1477299963
-1.8435,0.0183497,0.822111,0.916345,1.04095,0.185225,-0.0183497,-0.122111,-1.65828,0,0.7,1477299963
-1.82939,0.0170507,0.821464,0.97194,0.958418,0.17111,-0.0170507,-0.121464,-1.65828,0,0.7,1477299963
-1.8422,0.0178243,0.81718,0.8507,1.02976,0.18392,-0.0178243,-0.11718,-1.65828,0,0.7,1477299963
-1.84249,0.0175099,0.81718,0.882675,0.994206,0.184209,-0.0175099,-0.11718,-1.65828,0,0.7,1477299963
-1.83514,0.0169409,0.816962,0.906025,0.959689,0.176864,-0.0169409,-0.116962,-1.65828,0,0.7,1477299963
-1.83719,0.0168808,0.815392,0.884456,0.958517,0.178909,-0.0168808,-0.115392,-1.65828,0,0.7,1477299963
-1.83978,0.0169315,0.813793,0.852597,0.968639,0.181502,-0.0169315,-0.113793,-1.65828,0,0.7,1477299963
-1.85962,0.0182096,0.809569,0.695807,1.08533,0.201346,-0.0182096,-0.109569,-1.65828,0,0.7,1477299963
-1.85927,0.018537,0.809568,0.660925,1.12397,0.200988,-0.018537,-0.109568,-1.65828,0,0.7,1477299964
-1.85277,0.0180179,0.809207,0.680247,1.09133,0.194497,-0.0180179,-0.109207,-1.65828,0,0.7,1477299964
-1.8435,0.0166174,0.810753,0.827989,0.946947,0.185226,-0.0166174,-0.110753,-1.65828,0,0.7,1477299964
-1.82806,0.0148831,0.811747,0.974242,0.792367,0.169782,-0.0148831,-0.111747,-1.65828,0,0.7,1477299964
-1.84987,0.0150035,0.807755,0.953747,0.759781,0.191594,-0.0150035,-0.107755,-1.65828,0,0.7,1477299964
-1.86141,0.0152403,0.80494,0.90493,0.773381,0.203134,-0.0152403,-0.10494,-1.65828,0,0.7,1477299964
-1.84718,0.0146281,0.804338,0.905194,0.755006,0.188904,-0.0146281,-0.104338,-1.65828,0,0.7,1477299964
-1.8468,0.0149407,0.804321,0.868276,0.795534,0.188518,-0.0149407,-0.104321,-1.65828,0,0.7,1477299964
-1.85473,0.0156252,0.803276,0.796122,0.862677,0.196451,-0.0156252,-0.103276,-1.65828,0,0.7,1477299964
-1.84719,0.0154445,0.803047,0.782095,0.869838,0.18891,-0.0154445,-0.103047,-1.65828,0,0.7,1477299964
-1.84277,0.0153164,0.801109,0.731176,0.890772,0.184488,-0.0153164,-0.101109,-1.65828,0,0.7,1477299964
-1.85141,0.0157128,0.799974,0.689338,0.922932,0.193134,-0.0157128,-0.0999744,-1.65828,0,0.7,1477299964
-1.84424,0.0153772,0.799597,0.69098,0.910372,0.18596,-0.0153772,-0.0995971,-1.65828,0,0.7,1477299964
-1.83764,0.014749,0.799374,0.733449,0.856195,0.179365,-0.014749,-0.099374,-1.65828,0,0.7,1477299964
-1.8456,0.0147931,0.79952,0.762141,0.831497,0.18732,-0.0147931,-0.0995195,-1.65828,0,0.7,1477299964
-1.83307,0.0137517,0.79757,0.789374,0.762363,0.174795,-0.0137517,-0.0975702,-1.65828,0,0.7,1477299964
-1.84457,0.0143282,0.794815,0.691794,0.82911,0.186293,-0.0143282,-0.0948146,-1.65828,0,0.7,1477299964
-1.85014,0.0145741,0.796521,0.728007,0.821133,0.191861,-0.0145741,-0.0965211,-1.65828,0,0.7,1477299964
-1.84457,0.0143282,0.794815,0.691794,0.82911,0.186293,-0.0143282,-0.0948146,-1.65828,0,0.7,1477299964
-1.85269,0.0146698,0.793845,0.654524,0.858205,0.19441,-0.0146698,-0.0938448,-1.65828,0,0.7,1477299964
-1.85269,0.0146698,0.793845,0.654524,0.858205,0.19441,-0.0146698,-0.0938448,-1.65828,0,0.7,1477299964
-1.85719,0.0146024,0.790876,0.597434,0.873194,0.198909,-0.0146024,-0.0908761,-1.65828,0,0.7,1477299965
-1.8576,0.0142842,0.790902,0.639982,0.827195,0.199327,-0.0142842,-0.0909021,-1.65828,0,0.7,1477299965
-1.85114,0.0135309,0.790687,0.705831,0.747837,0.192864,-0.0135309,-0.0906869,-1.65828,0,0.7,1477299965
-1.83769,0.0123727,0.79011,0.79051,0.639217,0.179411,-0.0123727,-0.0901105,-1.65828,0,0.7,1477299965
-1.86301,0.0132203,0.78819,0.722345,0.693773,0.204729,-0.0132203,-0.0881903,-1.65828,0,0.7,1477299965
-1.84514,0.0123311,0.790542,0.835115,0.600803,0.186859,-0.0123311,-0.0905416,-1.65828,0,0.7,1477299965
-1.85745,0.0130189,0.786519,0.681367,0.707781,0.199168,-0.0130189,-0.0865189,-1.65828,0,0.7,1477299965
-1.85745,0.0130189,0.786519,0.681367,0.707781,0.199168,-0.0130189,-0.0865189,-1.65828,0,0.7,1477299965
-1.84161,0.012601,0.787284,0.699336,0.69335,0.18333,-0.012601,-0.0872838,-1.65828,0,0.7,1477299965
-1.84183,0.0127694,0.787234,0.67613,0.717883,0.183557,-0.0127694,-0.0872343,-1.65828,0,0.7,1477299965
-1.85392,0.0133036,0.7834,0.53809,0.809721,0.195646,-0.0133036,-0.0834004,-1.65828,0,0.7,1477299965
-1.86061,0.0137197,0.783647,0.51365,0.844117,0.202334,-0.0137197,-0.0836468,-1.65828,0,0.7,1477299965
-1.85244,0.013416,0.784684,0.555439,0.81172,0.19416,-0.013416,-0.0846845,-1.65828,0,0.7,1477299965
-1.84047,0.0124789,0.782791,0.584456,0.742547,0.182195,-0.0124789,-0.0827911,-1.65828,0,0.7,1477299965
-1.82992,0.0113956,0.785435,0.770926,0.58004,0.171645,-0.0113956,-0.0854348,-1.65828,0,0.7,1477299965
-1.85241,0.0123553,0.780235,0.570925,0.720106,0.194137,-0.0123553,-0.080235,-1.65828,0,0.7,1477299965
-1.85272,0.0118768,0.780298,0.643736,0.642314,0.194443,-0.0118768,-0.0802982,-1.65828,0,0.7,1477299965
-1.84616,0.0116616,0.779998,0.641765,0.636568,0.187879,-0.0116616,-0.0799983,-1.65828,0,0.7,1477299965
-1.83641,0.0110817,0.780118,0.694371,0.577677,0.17813,-0.0110817,-0.080118,-1.65828,0,0.7,1477299965
-1.86103,0.0119786,0.779452,0.634702,0.641747,0.202752,-0.0119786,-0.0794519,-1.65828,0,0.7,1477299965
-1.85436,0.0117663,0.779146,0.631774,0.636781,0.196078,-0.0117663,-0.0791462,-1.65828,0,0.7,1477299966
-1.84121,0.0113304,0.777196,0.588939,0.644945,0.182936,-0.0113304,-0.0771962,-1.65828,0,0.7,1477299966
-1.85909,0.0121692,0.774926,0.455592,0.758854,0.200816,-0.0121692,-0.0749259,-1.65828,0,0.7,1477299966
-1.85085,0.0118989,0.775908,0.497982,0.725696,0.192571,-0.0118989,-0.0759076,-1.65828,0,0.7,1477299966
-1.8337,0.0110762,0.777043,0.594967,0.632863,0.175425,-0.0110762,-0.0770427,-1.65828,0,0.7,1477299966
-1.8529,0.0114818,0.774824,0.53551,0.66803,0.194624,-0.0114818,-0.0748237,-1.65828,0,0.7,1477299966
-1.84606,0.0109474,0.774533,0.584663,0.607334,0.187783,-0.0109474,-0.0745333,-1.65828,0,0.7,1477299966
-1.8543,0.0111986,0.77357,0.54513,0.63732,0.19602,-0.0111986,-0.0735699,-1.65828,0,0.7,1477299966
-1.8543,0.0111986,0.77357,0.54513,0.63732,0.19602,-0.0111986,-0.0735699,-1.65828,0,0.7,1477299966
-1.84056,0.0104637,0.772982,0.59312,0.570396,0.182287,-0.0104637,-0.0729821,-1.65828,0,0.7,1477299966
-1.84056,0.0104637,0.772982,0.59312,0.570396,0.182287,-0.0104637,-0.0729821,-1.65828,0,0.7,1477299966
-1.82616,0.00973074,0.773584,0.676842,0.485529,0.167887,-0.00973074,-0.0735837,-1.65828,0,0.7,1477299966
-1.83343,0.0099423,0.77287,0.648089,0.50703,0.175148,-0.0099423,-0.0728696,-1.65828,0,0.7,1477299966
-1.85241,0.0105917,0.770642,0.541327,0.591815,0.194128,-0.0105917,-0.0706416,-1.65828,0,0.7,1477299966
-1.84448,0.0105123,0.770402,0.516879,0.610925,0.186202,-0.0105123,-0.0704024,-1.65828,0,0.7,1477299966
-1.85146,0.0110325,0.769573,0.428032,0.695134,0.193181,-0.0110325,-0.0695733,-1.65828,0,0.7,1477299966
-1.84479,0.0108297,0.769291,0.427217,0.688461,0.186512,-0.0108297,-0.0692906,-1.65828,0,0.7,1477299966
-1.83804,0.0104669,0.76894,0.451349,0.654169,0.179763,-0.0104669,-0.0689402,-1.65828,0,0.7,1477299966
-1.83804,0.0104669,0.76894,0.451349,0.654169,0.179763,-0.0104669,-0.0689402,-1.65828,0,0.7,1477299966
-1.84229,0.0102296,0.76746,0.457664,0.624554,0.184011,-0.0102296,-0.0674597,-1.65828,0,0.7,1477299966
-1.83248,0.00940047,0.768732,0.607802,0.481932,0.174206,-0.00940047,-0.0687322,-1.65828,0,0.7,1477299966
-1.82497,0.00890261,0.76966,0.694963,0.401804,0.16669,-0.00890261,-0.0696604,-1.65828,0,0.7,1477299967
-1.83064,0.00870128,0.765698,0.628913,0.40927,0.172363,-0.00870128,-0.065698,-1.65828,0,0.7,1477299967
-1.84967,0.00943809,0.763443,0.487164,0.529296,0.19139,-0.00943809,-0.0634429,-1.65828,0,0.7,1477299967
-1.8559,0.0100741,0.76364,0.400055,0.627777,0.197626,-0.0100741,-0.0636402,-1.65828,0,0.7,1477299967
-1.86247,0.0105677,0.762931,0.3075,0.717317,0.204189,-0.0105677,-0.0629306,-1.65828,0,0.7,1477299967
-1.84895,0.010356,0.762226,0.268249,0.741509,0.19067,-0.010356,-0.0622256,-1.65828,0,0.7,1477299967
-1.83733,0.0096231,0.764849,0.456487,0.580823,0.179055,-0.0096231,-0.0648492,-1.65828,0,0.7,1477299967
-1.84181,0.00938631,0.763375,0.464897,0.549132,0.183528,-0.00938631,-0.0633752,-1.65828,0,0.7,1477299967
-1.84378,0.00851287,0.762316,0.601256,0.387288,0.185504,-0.00851287,-0.0623163,-1.65828,0,0.7,1477299967
-1.85713,0.00844238,0.759779,0.575597,0.376983,0.198848,-0.00844238,-0.0597788,-1.65828,0,0.7,1477299967
-1.85713,0.00844238,0.759779,0.575597,0.376983,0.198848,-0.00844238,-0.0597788,-1.65828,0,0.7,1477299967
-1.84929,0.00827966,0.76068,0.610808,0.351916,0.191014,-0.00827966,-0.0606798,-1.65828,0,0.7,1477299967
-1.83749,0.00821443,0.76095,0.588938,0.376238,0.17921,-0.00821443,-0.0609501,-1.65828,0,0.7,1477299967
-1.84929,0.00873886,0.758475,0.437871,0.499445,0.191013,-0.00873886,-0.0584749,-1.65828,0,0.7,1477299967
-1.83662,0.00879255,0.760827,0.467364,0.502853,0.178341,-0.00879255,-0.0608268,-1.65828,0,0.7,1477299967
-1.84779,0.00963288,0.758312,0.246378,0.698868,0.189515,-0.00963288,-0.058312,-1.65828,0,0.7,1477299967
-1.84043,0.00943572,0.757974,0.244232,0.692745,0.182149,-0.00943572,-0.057974,-1.65828,0,0.7,1477299967
-1.84043,0.00943572,0.757974,0.244232,0.692745,0.182149,-0.00943572,-0.057974,-1.65828,0,0.7,1477299967
-1.84839,0.00902055,0.757403,0.335063,0.590251,0.190116,-0.00902055,-0.057403,-1.65828,0,0.7,1477299967
-1.84166,0.0084063,0.758327,0.471434,0.45905,0.183382,-0.0084063,-0.0583265,-1.65828,0,0.7,1477299967
-1.84261,0.00781983,0.75846,0.600582,0.324644,0.18433,-0.00781983,-0.0584599,-1.65828,0,0.7,1477299967
-1.85577,0.00771669,0.754979,0.542739,0.332657,0.197488,-0.00771669,-0.0549794,-1.65828,0,0.7,1477299968
-1.8419,0.00715499,0.755539,0.634671,0.240815,0.183626,-0.00715499,-0.0555392,-1.65828,0,0.7,1477299968
-1.84212,0.00715546,0.754378,0.592816,0.266285,0.183844,-0.00715546,-0.0543776,-1.65828,0,0.7,1477299968
-1.84939,0.00775972,0.754465,0.489387,0.378934,0.191113,-0.00775972,-0.0544645,-1.65828,0,0.7,1477299968
-1.84067,0.00802927,0.754168,0.385536,0.481143,0.182395,-0.00802927,-0.054168,-1.65828,0,0.7,1477299968
-1.85833,0.00930472,0.751819,0.068991,0.781178,0.200055,-0.00930472,-0.0518193,-1.65828,0,0.7,1477299968
-1.85197,0.00915677,0.751471,0.061087,0.781169,0.193692,-0.00915677,-0.0514708,-1.65828,0,0.7,1477299968
-1.85197,0.00915677,0.751471,0.061087,0.781169,0.193692,-0.00915677,-0.0514708,-1.65828,0,0.7,1477299968
-1.85885,0.00899878,0.75188,0.140632,0.707036,0.200577,-0.00899878,-0.0518801,-1.65828,0,0.7,1477299968
-1.84728,0.00751419,0.751474,0.415589,0.407156,0.188999,-0.00751419,-0.051474,-1.65828,0,0.7,1477299968
-1.84873,0.00662284,0.752809,0.680197,0.149898,0.190457,-0.00662284,-0.0528089,-1.65828,0,0.7,1477299968
-1.86298,0.00582842,0.749554,0.802586,-0.0295435,0.2047,-0.00582842,-0.0495542,-1.65828,0,0.7,1477299968
-1.86956,0.00573109,0.748994,0.830351,-0.0668451,0.211283,-0.00573109,-0.0489939,-1.65828,0,0.7,1477299968
-1.86775,0.00636058,0.749992,0.706552,0.0803961,0.209476,-0.00636058,-0.0499916,-1.65828,0,0.7,1477299968
-1.84889,0.00693045,0.750608,0.523412,0.279823,0.190611,-0.00693045,-0.0506078,-1.65828,0,0.7,1477299968
-1.86376,0.00888437,0.74819,0.00558813,0.788671,0.205487,-0.00888437,-0.0481895,-1.65828,0,0.7,1477299968
-1.85499,0.00978735,0.74772,-0.255692,1.05038,0.196712,-0.00978735,-0.0477202,-1.65828,0,0.7,1477299968
-1.85526,0.0105775,0.746335,-0.501911,1.28308,0.196978,-0.0105775,-0.0463354,-1.65828,0,0.7,1477299968
-1.84841,0.00962602,0.748502,-0.203052,1.00594,0.190134,-0.00962602,-0.0485021,-1.65828,0,0.7,1477299968
-1.84412,0.00800158,0.747451,0.104883,0.665544,0.185846,-0.00800158,-0.0474507,-1.65828,0,0.7,1477299968
-1.82144,0.00533079,0.750741,0.811731,-0.0268432,0.163159,-0.00533079,-0.0507408,-1.65828,0,0.7,1477299969
-1.82363,0.00424225,0.751051,1.09048,-0.316135,0.165354,-0.00424225,-0.0510507,-1.65828,0,0.7,1477299969
-1.85981,0.00275293,0.746186,1.4619,-0.785763,0.201534,-0.00275293,-0.0461856,-1.65828,0,0.7,1477299969
-1.84089,0.0019948,0.747492,1.60611,-0.920906,0.182609,-0.0019948,-0.0474918,-1.65828,0,0.7,1477299969
-1.85307,0.00305948,0.745598,1.34652,-0.671399,0.194788,-0.00305948,-0.0455977,-1.65828,0,0.7,1477299969
-1.82865,0.00483171,0.747002,0.837349,-0.112135,0.170368,-0.00483171,-0.0470022,-1.65828,0,0.7,1477299969
-1.83631,0.00767555,0.746199,0.0943042,0.653425,0.178034,-0.00767555,-0.0461986,-1.65828,0,0.7,1477299969
-1.83232,0.0107638,0.745514,-0.671319,1.43279,0.174037,-0.0107638,-0.0455143,-1.65828,0,0.7,1477299969
-1.84183,0.0134003,0.742911,-1.27226,2,0.183551,-0.0134003,-0.0429115,-1.65828,0,0.7,1477299969
-1.86538,0.0147234,0.73979,-1.39139,2,0.2071,-0.0147234,-0.0397895,-1.65828,0,0.7,1477299969
-1.84277,0.0134308,0.741663,-1.3118,2,0.18449,-0.0134308,-0.0416628,-1.65828,0,0.7,1477299969
-1.83846,0.0103233,0.742892,-0.710504,1.4315,0.180182,-0.0103233,-0.0428924,-1.65828,0,0.7,1477299969
-1.81796,0.00467479,0.745618,0.791008,-0.0866572,0.159684,-0.00467479,-0.0456179,-1.65828,0,0.7,1477299969
-1.82464,0.00253806,0.746419,1.39735,-0.713379,0.166363,-0.00253806,-0.0464189,-1.65828,0,0.7,1477299969
-1.84025,-0.00185578,0.745735,2,-1.5151,0.181971,0.00185578,-0.0457346,-1.65828,0,0.7,1477299969
-1.88312,-0.00394943,0.740664,2,-1.70255,0.224843,0.00394943,-0.0406639,-1.65828,0,0.7,1477299969
-1.88312,-0.00394943,0.740664,2,-1.70255,0.224843,0.00394943,-0.0406639,-1.65828,0,0.7,1477299969
